IMG_20200229_074224.jpg [181. 304. 831. 422.]
IMG_20200229_074224_1.jpg [110. 311. 760. 424.]
IMG_20200229_074226.jpg [ 34. 335. 693. 451.]
IMG_20200229_074227.jpg [345. 325. 996. 436.]
IMG_20200229_074230.jpg [345. 362. 983. 473.]
IMG_20200229_074231.jpg [274. 342. 904. 454.]
IMG_20200229_074233.jpg [138. 322. 785. 434.]
IMG_20200229_074234.jpg [216. 343. 857. 456.]
IMG_20200229_074236.jpg [128. 310. 781. 423.]
IMG_20200229_074238.jpg [ 90. 306. 748. 419.]
IMG_20200229_074241.jpg [377. 263. 960. 367.]
IMG_20200229_074242.jpg [304. 294. 878. 399.]
IMG_20200229_074243.jpg [233. 287. 810. 390.]
IMG_20200229_074244.jpg [166. 304. 739. 404.]
IMG_20200229_074245.jpg [ 95. 291. 680. 396.]
IMG_20200229_074247.jpg [ 55. 300. 647. 408.]
IMG_20200229_074250.jpg [ 426.  307. 1002.  410.]
IMG_20200229_074252.jpg [365. 309. 934. 411.]
IMG_20200229_074253.jpg [299. 307. 867. 405.]
IMG_20200229_074254.jpg [190. 315. 774. 419.]
IMG_20200229_074256.jpg [ 63. 304. 664. 410.]
IMG_20200229_074257.jpg [ 19. 292. 627. 400.]
IMG_20200229_074309.jpg [434. 259. 974. 354.]
IMG_20200229_074310.jpg [343. 272. 865. 365.]
IMG_20200229_074311.jpg [271. 280. 791. 375.]
IMG_20200229_074312.jpg [165. 288. 687. 384.]
IMG_20200229_074313.jpg [ 52. 296. 597. 395.]
IMG_20200229_074322.jpg [419. 339. 945. 433.]
IMG_20200229_074323.jpg [335. 336. 856. 428.]
IMG_20200229_074324.jpg [248. 341. 766. 435.]
IMG_20200229_074325.jpg [146. 327. 671. 421.]
IMG_20200229_074326.jpg [ 76. 348. 612. 440.]
IMG_20200229_074328.jpg [ 75. 354. 606. 448.]
IMG_20200229_074329.jpg [104. 387. 636. 482.]
IMG_20200229_074331.jpg [228. 399. 753. 499.]
IMG_20200229_074332.jpg [295. 441. 824. 537.]
IMG_20200229_074334.jpg [366. 421. 896. 515.]
IMG_20200229_074335.jpg [444. 419. 986. 513.]
IMG_20200229_074340.jpg [434. 318. 922. 409.]
IMG_20200229_074341.jpg [329. 321. 800. 410.]
IMG_20200229_074343.jpg [214. 354. 687. 441.]
IMG_20200229_074344.jpg [ 49. 334. 549. 425.]
IMG_20200229_074347.jpg [479. 308. 963. 395.]
IMG_20200229_074349.jpg [426. 328. 901. 413.]
IMG_20200229_074350.jpg [402. 351. 876. 436.]
IMG_20200229_074352.jpg [344. 362. 817. 447.]
IMG_20200229_074353.jpg [294. 338. 764. 422.]
IMG_20200229_074356.jpg [264. 309. 740. 398.]
IMG_20200229_074358.jpg [223. 357. 696. 439.]
IMG_20200229_074401.jpg [148. 305. 621. 393.]
IMG_20200229_074403.jpg [143. 316. 605. 405.]
IMG_20200229_074404.jpg [139. 334. 599. 418.]
IMG_20200229_074409.jpg [482. 273. 951. 359.]
IMG_20200229_074411.jpg [379. 328. 836. 414.]
IMG_20200229_074413.jpg [271. 361. 725. 442.]
IMG_20200229_074414.jpg [181. 371. 638. 454.]
IMG_20200229_074416.jpg [ 87. 382. 562. 466.]
IMG_20200229_074429.jpg [ 567.  370. 1013.  448.]
IMG_20200229_074431.jpg [464. 382. 895. 454.]
IMG_20200229_074432.jpg [400. 361. 821. 435.]
IMG_20200229_074433.jpg [319. 367. 746. 444.]
IMG_20200229_074434.jpg [262. 354. 690. 430.]
IMG_20200229_074435.jpg [209. 345. 644. 421.]
IMG_20200229_074437.jpg [166. 342. 602. 421.]
IMG_20200229_074438.jpg [115. 340. 560. 419.]
IMG_20200229_074439.jpg [ 78. 335. 528. 415.]
IMG_20200229_074440.jpg [ 32. 352. 490. 438.]
IMG_20200229_074442.jpg [  1. 346. 432. 432.]
IMG_20200229_074449.jpg [104. 380. 508. 453.]
IMG_20200229_074450.jpg [173. 374. 569. 446.]
IMG_20200229_074451.jpg [249. 364. 636. 439.]
IMG_20200229_074452.jpg [349. 354. 732. 426.]
IMG_20200229_074453.jpg [421. 350. 805. 419.]
IMG_20200229_074455.jpg [532. 377. 928. 449.]
IMG_20200229_074457.jpg [558. 374. 963. 446.]
IMG_20200229_074458.jpg [541. 376. 930. 448.]
IMG_20200229_074500.jpg [493. 389. 879. 459.]
IMG_20200229_074501.jpg [454. 393. 837. 467.]
IMG_20200229_074502.jpg [406. 386. 791. 454.]
IMG_20200229_074503.jpg [365. 370. 751. 443.]
IMG_20200229_074504.jpg [331. 336. 717. 410.]
IMG_20200229_074505.jpg [306. 353. 689. 422.]
IMG_20200229_074507.jpg [281. 338. 669. 414.]
IMG_20200229_074508.jpg [252. 340. 639. 417.]
IMG_20200229_074519.jpg [213. 390. 599. 464.]
IMG_20200229_074520.jpg [189. 360. 580. 434.]
IMG_20200229_074521.jpg [126. 374. 522. 448.]
IMG_20200229_074522.jpg [ 98. 400. 499. 472.]
