IMG_20200229_075906.jpg [292. 307. 967. 425.]
IMG_20200229_075907.jpg [188. 279. 856. 401.]
IMG_20200229_075907_1.jpg [ 98. 304. 767. 426.]
IMG_20200229_075908.jpg [ 40. 307. 728. 431.]
IMG_20200229_075910.jpg [ 386.  353. 1038.  470.]
IMG_20200229_075911.jpg [259. 366. 923. 489.]
IMG_20200229_075912.jpg [183. 346. 856. 466.]
IMG_20200229_075913.jpg [123. 339. 798. 468.]
IMG_20200229_075914.jpg [ 46. 330. 733. 455.]
IMG_20200229_075915.jpg [370. 330. 977. 437.]
IMG_20200229_075916.jpg [295. 324. 892. 432.]
IMG_20200229_075917.jpg [158. 327. 766. 438.]
IMG_20200229_075918.jpg [ 62. 336. 683. 448.]
IMG_20200229_075920.jpg [369. 353. 969. 462.]
IMG_20200229_075921.jpg [304. 367. 900. 478.]
IMG_20200229_075922.jpg [241. 365. 837. 479.]
IMG_20200229_075923.jpg [187. 343. 790. 452.]
IMG_20200229_075924.jpg [147. 338. 743. 447.]
IMG_20200229_075925.jpg [ 53. 344. 663. 453.]
IMG_20200229_075927.jpg [390. 336. 951. 432.]
IMG_20200229_075928.jpg [246. 367. 793. 462.]
IMG_20200229_075930.jpg [146. 335. 697. 437.]
IMG_20200229_075930_1.jpg [ 77. 371. 638. 472.]
IMG_20200229_075932.jpg [409. 391. 966. 491.]
IMG_20200229_075933.jpg [344. 389. 899. 488.]
IMG_20200229_075935.jpg [257. 361. 810. 461.]
IMG_20200229_075936.jpg [226. 365. 769. 460.]
IMG_20200229_075937.jpg [189. 339. 734. 436.]
IMG_20200229_075938.jpg [ 98. 347. 653. 446.]
IMG_20200229_075946.jpg [424. 341. 914. 427.]
IMG_20200229_075947.jpg [298. 356. 780. 443.]
IMG_20200229_075948.jpg [212. 347. 696. 431.]
IMG_20200229_075951.jpg [ 55. 339. 563. 429.]
IMG_20200229_075952.jpg [ 22. 361. 535. 452.]
IMG_20200229_075955.jpg [371. 365. 833. 449.]
IMG_20200229_075956.jpg [292. 331. 753. 416.]
IMG_20200229_075957.jpg [269. 350. 728. 438.]
IMG_20200229_080000.jpg [239. 346. 698. 428.]
IMG_20200229_080001.jpg [126. 340. 598. 424.]
IMG_20200229_080003.jpg [137. 363. 608. 449.]
