IMG_20200229_075347.jpg [316. 281. 971. 401.]
IMG_20200229_075348.jpg [180. 313. 827. 432.]
IMG_20200229_075349.jpg [ 93. 321. 749. 440.]
IMG_20200229_075350.jpg [  4. 315. 670. 440.]
IMG_20200229_075353.jpg [300. 345. 942. 465.]
IMG_20200229_075356.jpg [253. 330. 890. 447.]
IMG_20200229_075358.jpg [189. 303. 825. 421.]
IMG_20200229_075400.jpg [149. 301. 784. 416.]
IMG_20200229_075401.jpg [ 69. 295. 702. 414.]
IMG_20200229_075405.jpg [412. 284. 987. 385.]
IMG_20200229_075406.jpg [345. 291. 908. 394.]
IMG_20200229_075407.jpg [250. 278. 816. 381.]
IMG_20200229_075408.jpg [146. 271. 717. 380.]
IMG_20200229_075410.jpg [ 45. 260. 628. 368.]
IMG_20200229_075411.jpg [422. 262. 987. 371.]
IMG_20200229_075413.jpg [367. 272. 929. 380.]
IMG_20200229_075414.jpg [282. 265. 840. 373.]
IMG_20200229_075416.jpg [193. 269. 759. 377.]
IMG_20200229_075417.jpg [130. 259. 697. 367.]
IMG_20200229_075419.jpg [ 46. 252. 621. 358.]
IMG_20200229_075426.jpg [380. 255. 878. 346.]
IMG_20200229_075427.jpg [304. 265. 809. 360.]
IMG_20200229_075428.jpg [193. 278. 695. 368.]
IMG_20200229_075430.jpg [ 73. 266. 598. 361.]
IMG_20200229_075431.jpg [  2. 267. 539. 362.]
IMG_20200229_075434.jpg [372. 274. 871. 373.]
IMG_20200229_075435.jpg [322. 294. 816. 391.]
IMG_20200229_075436.jpg [288. 288. 780. 385.]
IMG_20200229_075437.jpg [261. 301. 757. 398.]
IMG_20200229_075438.jpg [211. 307. 698. 400.]
IMG_20200229_075439.jpg [185. 312. 673. 407.]
IMG_20200229_075440.jpg [129. 295. 633. 391.]
IMG_20200229_075442.jpg [106. 309. 608. 400.]
IMG_20200229_075443.jpg [ 60. 315. 564. 409.]
IMG_20200229_075449.jpg [471. 341. 928. 425.]
IMG_20200229_075450.jpg [368. 342. 809. 426.]
IMG_20200229_075452.jpg [229. 345. 674. 428.]
IMG_20200229_075453.jpg [169. 316. 619. 404.]
IMG_20200229_075454.jpg [ 75. 316. 541. 400.]
IMG_20200229_075457.jpg [502. 323. 964. 410.]
IMG_20200229_075458.jpg [434. 324. 886. 412.]
IMG_20200229_075500.jpg [358. 314. 805. 400.]
IMG_20200229_075501.jpg [277. 326. 720. 413.]
IMG_20200229_075502.jpg [215. 334. 662. 420.]
IMG_20200229_075504.jpg [167. 329. 618. 416.]
IMG_20200229_075505.jpg [124. 324. 587. 409.]
IMG_20200229_075506.jpg [ 81. 352. 544. 439.]
IMG_20200229_075507.jpg [ 33. 340. 505. 426.]
