0001.jpg [ 105.  248. 1277.  461.]
0002.jpg [ 108.  267. 1277.  480.]
0003.jpg [  92.  275. 1262.  485.]
0004.jpg [  54.  293. 1216.  505.]
0005.jpg [  56.  279. 1191.  491.]
0006.jpg [  45.  311. 1168.  518.]
0007.jpg [  59.  277. 1163.  483.]
0008.jpg [  89.  257. 1170.  452.]
0009.jpg [ 105.  237. 1161.  429.]
0010.jpg [ 100.  242. 1136.  434.]
0011.jpg [  96.  254. 1111.  439.]
0012.jpg [  98.  234. 1090.  417.]
0013.jpg [ 118.  209. 1078.  388.]
0014.jpg [ 162.  213. 1096.  388.]
0015.jpg [ 175.  219. 1089.  390.]
0016.jpg [ 169.  219. 1079.  391.]
0017.jpg [ 180.  228. 1092.  393.]
0018.jpg [ 204.  181. 1114.  353.]
0019.jpg [ 149.  151. 1073.  319.]
0020.jpg [ 187.  155. 1107.  326.]
0021.jpg [ 191.  225. 1106.  394.]
0022.jpg [ 150.  259. 1066.  428.]
0023.jpg [ 127.  267. 1037.  431.]
0024.jpg [ 131.  262. 1030.  425.]
0025.jpg [ 108.  258. 1001.  417.]
0026.jpg [115. 262. 993. 421.]
0027.jpg [135. 266. 998. 423.]
0028.jpg [ 160.  261. 1004.  414.]
0029.jpg [ 190.  267. 1025.  409.]
0030.jpg [ 184.  264. 1003.  408.]
0031.jpg [182. 271. 992. 416.]
0032.jpg [188. 275. 979. 414.]
0033.jpg [178. 266. 960. 409.]
0034.jpg [179. 276. 952. 415.]
0035.jpg [152. 310. 919. 437.]
0036.jpg [175. 275. 924. 407.]
0037.jpg [196. 262. 939. 401.]
0038.jpg [228. 261. 960. 391.]
0039.jpg [198. 278. 922. 404.]
0040.jpg [220. 276. 933. 405.]
0041.jpg [248. 268. 942. 393.]
0042.jpg [273. 268. 954. 394.]
0043.jpg [272. 264. 940. 385.]
0044.jpg [260. 283. 913. 404.]
0045.jpg [254. 257. 896. 373.]
0046.jpg [246. 240. 875. 354.]
0047.jpg [278. 228. 896. 349.]
0048.jpg [259. 237. 871. 347.]
0049.jpg [292. 250. 900. 357.]
0050.jpg [291. 283. 889. 389.]
0051.jpg [300. 285. 894. 390.]
0052.jpg [291. 295. 877. 403.]
0053.jpg [272. 284. 852. 391.]
0054.jpg [289. 282. 860. 391.]
0055.jpg [311. 306. 873. 412.]
0056.jpg [315. 306. 878. 411.]
0057.jpg [324. 286. 882. 386.]
0058.jpg [333. 260. 880. 364.]
0059.jpg [347. 253. 887. 350.]
0060.jpg [327. 285. 871. 382.]
0061.jpg [323. 268. 855. 363.]
0062.jpg [278. 262. 817. 362.]
0063.jpg [327. 264. 854. 362.]
0064.jpg [351. 279. 871. 375.]
0065.jpg [347. 294. 863. 392.]
0066.jpg [336. 295. 847. 392.]
0067.jpg [330. 320. 831. 409.]
0068.jpg [353. 313. 847. 405.]
0069.jpg [388. 300. 869. 388.]
0070.jpg [317. 265. 798. 353.]
0071.jpg [326. 228. 801. 319.]
0072.jpg [357. 285. 831. 373.]
0073.jpg [364. 300. 840. 388.]
0074.jpg [368. 313. 834. 401.]
0075.jpg [343. 310. 810. 396.]
0093.jpg [422. 251. 826. 325.]
0094.jpg [458. 255. 861. 327.]
0095.jpg [442. 283. 844. 354.]
0096.jpg [415. 292. 815. 362.]
0097.jpg [414. 291. 811. 363.]
0098.jpg [421. 279. 814. 350.]
0099.jpg [416. 287. 809. 356.]
0100.jpg [416. 282. 809. 353.]
0101.jpg [418. 282. 814. 351.]
0102.jpg [420. 292. 814. 364.]
0103.jpg [423. 289. 815. 362.]
0104.jpg [419. 276. 814. 347.]
