IMG_20200229_071918.jpg [188. 305. 842. 418.]
IMG_20200229_071919.jpg [270. 314. 923. 426.]
IMG_20200229_071920.jpg [ 75. 295. 739. 412.]
IMG_20200229_071923.jpg [242. 295. 841. 400.]
IMG_20200229_071923_1.jpg [ 389.  289. 1004.  392.]
IMG_20200229_071925.jpg [114. 274. 725. 384.]
IMG_20200229_071927.jpg [261. 310. 833. 407.]
IMG_20200229_071928.jpg [349. 283. 925. 381.]
IMG_20200229_071930.jpg [215. 286. 789. 384.]
IMG_20200229_071931.jpg [105. 322. 681. 416.]
IMG_20200229_071942.jpg [207. 285. 767. 384.]
IMG_20200229_071943.jpg [297. 319. 847. 412.]
IMG_20200229_071944.jpg [348. 328. 900. 420.]
IMG_20200229_071945.jpg [172. 323. 723. 417.]
IMG_20200229_071946.jpg [ 62. 323. 630. 418.]
IMG_20200229_071948.jpg [305. 316. 814. 402.]
IMG_20200229_071949.jpg [389. 301. 907. 391.]
IMG_20200229_071950.jpg [257. 327. 763. 413.]
IMG_20200229_071951.jpg [ 71. 288. 600. 379.]
IMG_20200229_071955.jpg [263. 318. 725. 395.]
IMG_20200229_071956.jpg [364. 309. 829. 389.]
IMG_20200229_071958.jpg [192. 334. 655. 414.]
IMG_20200229_071959.jpg [ 46. 317. 539. 399.]
IMG_20200229_072007.jpg [331. 328. 765. 402.]
IMG_20200229_072008.jpg [437. 322. 879. 395.]
IMG_20200229_072009.jpg [472. 326. 926. 400.]
IMG_20200229_072011.jpg [283. 325. 719. 399.]
IMG_20200229_072012.jpg [202. 340. 643. 415.]
IMG_20200229_072013.jpg [ 95. 324. 552. 402.]
IMG_20200229_072015.jpg [ 99. 299. 555. 379.]
IMG_20200229_072017.jpg [176. 332. 620. 406.]
IMG_20200229_072018.jpg [380. 350. 805. 425.]
IMG_20200229_072020.jpg [446. 330. 873. 401.]
IMG_20200229_072021.jpg [488. 342. 908. 414.]
IMG_20200229_072024.jpg [532. 354. 929. 423.]
IMG_20200229_072025.jpg [478. 326. 871. 394.]
IMG_20200229_072026.jpg [445. 330. 837. 397.]
IMG_20200229_072028.jpg [306. 308. 695. 376.]
IMG_20200229_072030.jpg [165. 316. 565. 382.]
IMG_20200229_072034.jpg [412. 344. 802. 407.]
IMG_20200229_072035.jpg [173. 318. 572. 384.]
IMG_20200229_072038.jpg [329. 351. 687. 413.]
IMG_20200229_072039.jpg [463. 365. 829. 427.]
IMG_20200229_072041.jpg [234. 367. 602. 429.]
IMG_20200229_072042.jpg [136. 369. 516. 432.]
IMG_20200229_072043.jpg [ 79. 368. 470. 430.]
IMG_20200229_072045.jpg [449. 350. 811. 411.]
IMG_20200229_072046.jpg [509. 355. 882. 417.]
IMG_20200229_072048.jpg [558. 329. 926. 391.]
IMG_20200229_072049.jpg [477. 362. 832. 422.]
IMG_20200229_072050.jpg [426. 338. 783. 400.]
IMG_20200229_072051.jpg [341. 297. 697. 358.]
IMG_20200229_072052.jpg [303. 292. 661. 353.]
IMG_20200229_072054.jpg [168. 289. 534. 349.]
IMG_20200229_072056.jpg [158. 345. 519. 405.]
IMG_20200229_072059.jpg [459. 349. 780. 404.]
IMG_20200229_072106.jpg [475. 342. 800. 397.]
IMG_20200229_072107.jpg [401. 303. 723. 355.]
IMG_20200229_072108.jpg [321. 325. 641. 380.]
IMG_20200229_072109.jpg [249. 326. 583. 380.]
IMG_20200229_072111.jpg [182. 351. 523. 406.]
IMG_20200229_072112.jpg [125. 351. 472. 411.]
IMG_20200229_072116.jpg [435. 407. 764. 462.]
IMG_20200229_072117.jpg [573. 382. 922. 436.]
IMG_20200229_072118.jpg [262. 357. 594. 409.]
IMG_20200229_072119.jpg [ 38. 334. 405. 392.]
