IMG_20200229_071321.jpg [137. 358. 892. 504.]
IMG_20200229_071323.jpg [153. 347. 862. 482.]
IMG_20200229_071325.jpg [216. 328. 865. 456.]
IMG_20200229_071326.jpg [235. 343. 839. 459.]
IMG_20200229_071330.jpg [230. 388. 789. 496.]
IMG_20200229_071331.jpg [246. 332. 776. 436.]
IMG_20200229_071333.jpg [250. 345. 753. 442.]
IMG_20200229_071334.jpg [286. 335. 773. 428.]
IMG_20200229_071338.jpg [268. 411. 735. 502.]
IMG_20200229_071340.jpg [304. 394. 744. 478.]
IMG_20200229_071342.jpg [317. 370. 744. 450.]
IMG_20200229_071400.jpg [318. 402. 684. 473.]
IMG_20200229_071403.jpg [181. 437. 559. 507.]
IMG_20200229_071409.jpg [497. 336. 874. 406.]
IMG_20200229_071410.jpg [354. 335. 697. 401.]
IMG_20200229_071411.jpg [458. 352. 808. 420.]
IMG_20200229_071413.jpg [236. 347. 589. 415.]
IMG_20200229_071414.jpg [187. 347. 545. 415.]
IMG_20200229_071417.jpg [534. 390. 891. 459.]
IMG_20200229_071422.jpg [563. 366. 903. 428.]
IMG_20200229_071422_1.jpg [455. 377. 780. 439.]
IMG_20200229_071424.jpg [327. 343. 651. 408.]
IMG_20200229_071425.jpg [146. 346. 487. 411.]
IMG_20200229_071431.jpg [549. 378. 846. 437.]
IMG_20200229_071432.jpg [472. 378. 761. 435.]
IMG_20200229_071433.jpg [392. 389. 679. 446.]
IMG_20200229_071434.jpg [286. 374. 576. 432.]
IMG_20200229_071436.jpg [200. 378. 498. 438.]
IMG_20200229_071453.jpg [584. 321. 864. 374.]
IMG_20200229_071459.jpg [463. 330. 728. 385.]
IMG_20200229_071500.jpg [425. 376. 688. 427.]
IMG_20200229_071502.jpg [371. 357. 634. 411.]
IMG_20200229_071504.jpg [315. 336. 580. 392.]
IMG_20200229_071507.jpg [343. 337. 582. 389.]
IMG_20200229_071509.jpg [413. 338. 649. 387.]
IMG_20200229_071512.jpg [490. 324. 729. 370.]
IMG_20200229_071514.jpg [605. 324. 851. 369.]
IMG_20200229_071518.jpg [505. 362. 728. 405.]
IMG_20200229_071519.jpg [444. 356. 661. 401.]
IMG_20200229_071522.jpg [405. 307. 624. 350.]
IMG_20200229_071524.jpg [355. 313. 574. 358.]
IMG_20200229_071650.jpg [447. 369. 651. 409.]
IMG_20200229_071651.jpg [545. 386. 753. 428.]
IMG_20200229_071652.jpg [376. 411. 579. 454.]
IMG_20200229_071653.jpg [215. 372. 429. 415.]
IMG_20200229_071657.jpg [443. 373. 628. 412.]
IMG_20200229_071658.jpg [331. 381. 523. 420.]
IMG_20200229_071701.jpg [302. 375. 496. 415.]
IMG_20200229_071705.jpg [593. 335. 790. 373.]
