0001.jpg [ 292.  212. 1066.  346.] [ 294.  351. 1077.  489.] 
0002.jpg [ 292.  199. 1063.  318.] [ 289.  330. 1081.  465.] 
0003.jpg [ 292.  187. 1062.  318.] [ 292.  329. 1078.  467.] 
0004.jpg [ 279.  194. 1045.  323.] [ 285.  333. 1066.  471.] 
0005.jpg [ 286.  203. 1049.  329.] [ 293.  340. 1063.  476.] 
0006.jpg [ 299.  196. 1048.  323.] [ 304.  329. 1063.  466.] 
0007.jpg [ 310.  189. 1047.  316.] [ 316.  324. 1063.  455.] 
0008.jpg [ 325.  185. 1046.  307.] [ 329.  317. 1064.  446.] 
0009.jpg [ 312.  185. 1031.  305.] [ 320.  318. 1045.  440.] 
0010.jpg [ 318.  173. 1020.  290.] [ 325.  298. 1030.  425.] 
0011.jpg [307. 176. 994. 291.] [ 313.  302. 1007.  423.] 
0012.jpg [ 345.  181. 1015.  296.] [ 349.  304. 1026.  425.] 
0013.jpg [295. 190. 962. 308.] [297. 314. 975. 436.] 
0014.jpg [300. 200. 966. 319.] [304. 320. 975. 441.] 
0015.jpg [321. 193. 972. 308.] [325. 312. 988. 432.] 
0016.jpg [313. 204. 960. 326.] [317. 324. 969. 444.] 
0017.jpg [310. 212. 941. 324.] [310. 326. 955. 446.] 
0018.jpg [330. 207. 952. 322.] [333. 323. 964. 437.] 
0019.jpg [331. 204. 951. 319.] [339. 313. 959. 429.] 
0020.jpg [345. 207. 954. 318.] [349. 316. 964. 433.] 
0021.jpg [343. 198. 948. 311.] [349. 309. 953. 420.] 
0022.jpg [333. 199. 930. 309.] [337. 313. 941. 416.] 
0023.jpg [352. 200. 939. 304.] [352. 309. 957. 418.] 
0024.jpg [360. 201. 948. 305.] [366. 308. 956. 413.] 
0025.jpg [367. 200. 946. 303.] [370. 305. 958. 412.] 
0026.jpg [376. 199. 946. 306.] [377. 306. 961. 412.] 
0027.jpg [377. 192. 947. 293.] [380. 299. 954. 405.] 
0028.jpg [381. 201. 939. 303.] [384. 306. 946. 411.] 
0029.jpg [388. 198. 943. 298.] [393. 301. 949. 405.] 
0030.jpg [377. 202. 928. 301.] [382. 302. 936. 405.] 
0031.jpg [378. 206. 929. 305.] [381. 307. 934. 409.] 
0032.jpg [367. 194. 914. 287.] [370. 290. 922. 390.] 
0033.jpg [369. 191. 916. 287.] [372. 285. 923. 390.] 
0034.jpg [371. 175. 919. 273.] [373. 277. 929. 375.] 
0035.jpg [389. 209. 931. 306.] [390. 307. 938. 406.] 
0036.jpg [382. 214. 918. 307.] [389. 309. 932. 407.] 
0037.jpg [376. 219. 908. 313.] [384. 320. 913. 416.] 
0038.jpg [360. 233. 889. 328.] [365. 330. 896. 428.] 
0039.jpg [360. 237. 886. 327.] [367. 333. 893. 429.] 
0040.jpg [383. 238. 903. 329.] [386. 330. 905. 425.] 
0041.jpg [401. 256. 909. 331.] [404. 335. 923. 428.] 
0042.jpg [400. 241. 909. 329.] [407. 333. 917. 427.] 
0043.jpg [396. 242. 903. 335.] [402. 338. 908. 428.] 
0044.jpg [401. 243. 901. 329.] [399. 333. 903. 423.] 
0045.jpg [386. 239. 882. 326.] [391. 331. 887. 423.] 
0046.jpg [391. 234. 881. 319.] [392. 325. 887. 413.] 
0047.jpg [393. 235. 883. 321.] [398. 326. 891. 414.] 
0048.jpg [393. 222. 882. 314.] [395. 313. 886. 405.] 
0049.jpg [400. 221. 883. 307.] [403. 311. 889. 396.] 
0050.jpg [397. 213. 874. 300.] [395. 305. 878. 391.] 
0051.jpg [400. 213. 873. 298.] [402. 298. 879. 388.] 
0052.jpg [414. 209. 885. 295.] [417. 297. 888. 386.] 
0053.jpg [427. 211. 896. 294.] [431. 295. 904. 384.] 
0054.jpg [401. 211. 871. 293.] [403. 298. 874. 384.] 
0055.jpg [379. 230. 848. 315.] [383. 317. 853. 402.] 
0056.jpg [387. 224. 847. 310.] [386. 314. 855. 399.] 
0057.jpg [414. 241. 873. 323.] [416. 328. 880. 415.] 
0058.jpg [409. 241. 862. 324.] [413. 327. 868. 410.] 
0059.jpg [407. 239. 861. 322.] [411. 325. 863. 409.] 
0060.jpg [406. 242. 856. 325.] [409. 324. 863. 409.] 
0061.jpg [416. 243. 862. 324.] [423. 323. 866. 407.] 
0062.jpg [432. 248. 869. 324.] [433. 329. 878. 409.] 
0063.jpg [425. 233. 857. 316.] [425. 319. 863. 400.]  
0064.jpg [417. 231. 849. 310.] [421. 312. 857. 390.]
0065.jpg [424. 229. 849. 302.] [427. 305. 858. 385.] 
0066.jpg [425. 224. 849. 299.] [433. 297. 856. 379.] 
0067.jpg [440. 220. 860. 297.] [442. 295. 868. 375.] 
0068.jpg [443. 226. 864. 302.] [447. 303. 868. 378.] 
0069.jpg [456. 226. 871. 302.] [459. 300. 875. 381.] 
0070.jpg [450. 166. 867. 239.] [455. 240. 876. 314.] 
0071.jpg [463. 200. 878. 274.] [462. 278. 880. 347.] 
0072.jpg [426. 229. 843. 296.] [433. 299. 846. 378.] 
0073.jpg [437. 236. 848. 309.] [440. 310. 856. 389.] 
0074.jpg [433. 255. 840. 330.] [432. 330. 855. 409.] 
0075.jpg [443. 265. 850. 337.] [443. 339. 858. 419.] 
0076.jpg [440. 254. 847. 328.] [443. 329. 855. 406.] 
0077.jpg [447. 258. 847. 335.] [450. 331. 856. 408.] 
0078.jpg [449. 254. 849. 324.] [452. 325. 855. 403.] 
0079.jpg [444. 255. 841. 329.] [449. 331. 848. 403.] 
0080.jpg [443. 254. 834. 322.] [448. 324. 837. 397.] 
0081.jpg [439. 245. 828. 312.] [441. 313. 835. 388.] 
0082.jpg [443. 236. 833. 302.] [448. 306. 835. 377.] 
0083.jpg [456. 236. 845. 304.] [462. 303. 847. 377.] 
0084.jpg [464. 230. 846. 297.] [468. 296. 849. 369.] 
0085.jpg [456. 231. 832. 299.] [456. 300. 837. 372.] 
0086.jpg [437. 225. 814. 292.] [441. 294. 819. 365.] 
0087.jpg [439. 220. 815. 292.] [443. 291. 816. 360.] 
0088.jpg [441. 224. 813. 296.] [443. 296. 815. 365.] 
0089.jpg [448. 195. 819. 269.] [450. 269. 820. 330.] 
0090.jpg [470. 205. 843. 273.] [474. 274. 844. 343.] 
0091.jpg [441. 243. 807. 309.] [445. 313. 812. 383.] 
0092.jpg [422. 268. 791. 333.] [424. 336. 790. 402.] 
0093.jpg [440. 270. 811. 336.] [445. 338. 817. 406.] 
0094.jpg [441. 272. 810. 338.] [445. 342. 811. 409.] 
0095.jpg [438. 271. 798. 334.] [438. 334. 802. 404.] 
0096.jpg [442. 268. 801. 335.] [445. 327. 803. 393.] 
0097.jpg [463. 263. 818. 325.] [467. 328. 824. 398.] 
0098.jpg [469. 258. 820. 323.] [472. 322. 826. 392.] 
0099.jpg [471. 256. 819. 321.] [471. 324. 822. 387.] 
0100.jpg [469. 253. 814. 314.] [469. 317. 819. 380.] 
0101.jpg [470. 243. 818. 304.] [472. 306. 822. 368.] 
0102.jpg [470. 237. 814. 298.] [471. 301. 817. 365.] 
0103.jpg [476. 240. 819. 301.] [478. 300. 821. 363.] 
0104.jpg [467. 222. 806. 281.] [467. 283. 809. 346.] 
0105.jpg [474. 209. 808. 272.] [475. 272. 813. 332.] 
0106.jpg [505. 187. 839. 250.] [507. 245. 842. 313.] 
0107.jpg [507. 169. 841. 230.] [509. 229. 841. 291.] 
0108.jpg [510. 167. 845. 225.] [511. 226. 846. 289.] 
0109.jpg [529. 135. 867. 195.] [530. 197. 865. 258.] 
0110.jpg [529. 144. 865. 205.] [533. 204. 868. 267.] 
0111.jpg [496. 207. 830. 266.] [499. 266. 831. 328.] 
0112.jpg [494. 256. 822. 315.] [495. 313. 826. 376.] 
0113.jpg [483. 271. 809. 330.] [483. 334. 816. 391.] 
0114.jpg [472. 292. 798. 348.] [472. 351. 806. 410.] 
0115.jpg [473. 279. 799. 339.] [474. 340. 799. 400.] 
0116.jpg [468. 285. 792. 345.] [472. 342. 794. 406.] 
0117.jpg [474. 285. 793. 347.] [474. 344. 799. 404.] 
0118.jpg [475. 285. 794. 345.] [477. 343. 799. 402.] 
0119.jpg [487. 282. 804. 339.] [491. 337. 807. 401.] 
0120.jpg [483. 283. 797. 343.] [485. 340. 798. 399.] 
0121.jpg [500. 274. 813. 333.] [502. 328. 813. 387.] 
0122.jpg [505. 251. 817. 307.] [509. 304. 817. 364.] 
0123.jpg [517. 241. 821. 295.] [519. 297. 825. 354.] 
0124.jpg [495. 216. 803. 274.] [498. 267. 804. 324.] 
0125.jpg [489. 197. 794. 254.] [490. 254. 799. 314.] 
0126.jpg [502. 237. 810. 292.] [503. 294. 811. 351.] 
0127.jpg [495. 291. 801. 346.] [496. 346. 806. 404.] 
0128.jpg [490. 302. 796. 356.] [491. 359. 800. 416.] 
0129.jpg [492. 296. 795. 352.] [494. 350. 801. 410.] 
0130.jpg [502. 295. 801. 350.] [504. 347. 806. 408.] 
0131.jpg [505. 293. 807. 349.] [507. 345. 810. 406.] 
0132.jpg [500. 286. 802. 341.] [503. 341. 800. 399.] 
0133.jpg [516. 285. 811. 339.] [515. 339. 814. 397.] 
0134.jpg [519. 282. 813. 335.] [520. 336. 815. 391.] 
0135.jpg [528. 285. 817. 336.] [528. 335. 824. 392.] 
0136.jpg [529. 276. 820. 324.] [534. 325. 825. 381.] 
0137.jpg [543. 276. 831. 325.] [545. 327. 833. 379.] 
0138.jpg [553. 273. 841. 322.] [556. 324. 842. 376.] 
0139.jpg [556. 265. 842. 316.] [557. 316. 843. 370.] 
0140.jpg [560. 252. 842. 302.] [563. 297. 847. 351.] 
