r_1_0.jpg [446. 501. 801. 564.] [ 803.  495. 1177.  558.] 
r_1_1.jpg [444. 501. 801. 565.] [ 803.  496. 1110.  556.] 
r_1_10.jpg [447. 501. 801. 564.] [ 796.  493. 1177.  558.] 
r_1_100.jpg 
r_1_101.jpg 
r_1_102.jpg 
r_1_103.jpg 
r_1_104.jpg 
r_1_105.jpg 
r_1_106.jpg 
r_1_107.jpg 
r_1_108.jpg 
r_1_109.jpg 
r_1_11.jpg [438. 503. 796. 567.] [ 792.  494. 1178.  558.] 
r_1_110.jpg 
r_1_111.jpg 
r_1_112.jpg 
r_1_113.jpg 
r_1_12.jpg [425. 502. 795. 567.] [ 791.  494. 1182.  561.] 
r_1_13.jpg [402. 505. 801. 571.] [ 800.  496. 1209.  564.] 
r_1_14.jpg [384. 511. 815. 587.] [ 818.  500. 1277.  575.] 
r_1_15.jpg [361. 509. 846. 595.] 
r_1_16.jpg [320. 511. 878. 611.] 
r_1_17.jpg [263. 523. 924. 641.] 
r_1_18.jpg [ 182.  540. 1001.  689.] 
r_1_19.jpg [  92.  554. 1058.  735.] 
r_1_2.jpg [443. 501. 802. 566.] [ 799.  493. 1177.  560.] 
r_1_20.jpg [1. 583. 1146. 793.] 
r_1_21.jpg 
r_1_22.jpg 
r_1_23.jpg 
r_1_24.jpg 
r_1_25.jpg 
r_1_26.jpg 
r_1_27.jpg [  48.  586. 1277.  825.] 
r_1_28.jpg 
r_1_29.jpg 
r_1_3.jpg [443. 501. 801. 563.] [ 802.  494. 1179.  558.] 
r_1_30.jpg [ 519.  522. 1278.  674.] 
r_1_31.jpg [ 537.  508. 1191.  645.] 
r_1_32.jpg [469. 500. 997. 604.] 
r_1_33.jpg [364. 497. 804. 577.] [ 803.  492. 1275.  572.] 
r_1_34.jpg [247. 496. 659. 567.] [ 659.  487. 1088.  559.] 
r_1_35.jpg [148. 496. 555. 567.] [552. 491. 940. 553.] 
r_1_36.jpg [ 55. 498. 463. 564.] [467. 490. 832. 553.] [ 886.  478. 1233.  542.] 
r_1_37.jpg [ 30. 503. 447. 569.] [451. 493. 814. 556.] [ 873.  477. 1217.  541.] 
r_1_38.jpg [  3. 506. 431. 572.] [432. 497. 815. 562.] [ 873.  483. 1226.  547.] 
r_1_39.jpg [363. 503. 780. 571.] [ 836.  485. 1196.  550.] 
r_1_4.jpg [443. 500. 806. 563.] [ 807.  493. 1174.  555.] 
r_1_40.jpg [322. 509. 789. 581.] [ 847.  489. 1257.  558.] 
r_1_41.jpg [295. 512. 828. 599.] 
r_1_42.jpg [248. 522. 866. 623.] 
r_1_43.jpg [186. 533. 926. 651.] 
r_1_44.jpg [  96.  561. 1012.  701.] 
r_1_45.jpg [   7.  596. 1225.  761.] 
r_1_46.jpg 
r_1_47.jpg 
r_1_48.jpg 
r_1_49.jpg 
r_1_5.jpg [446. 501. 798. 563.] [ 799.  493. 1177.  555.] 
r_1_50.jpg 
r_1_51.jpg 
r_1_52.jpg 
r_1_53.jpg 
r_1_54.jpg [ 361.  520. 1139.  650.] 
r_1_55.jpg [376. 506. 985. 616.] 
r_1_56.jpg [411. 499. 939. 581.] 
r_1_57.jpg [432. 496. 907. 562.] 
r_1_58.jpg [  1. 504. 439. 570.] [440. 494. 884. 566.] 
r_1_59.jpg [ 40. 498. 462. 570.] [463. 488. 873. 558.] 
r_1_6.jpg [443. 499. 803. 564.] [ 805.  493. 1181.  555.] 
r_1_60.jpg [ 89. 494. 476. 559.] [479. 485. 859. 554.] [ 925.  476. 1278.  543.] 
r_1_61.jpg [120. 489. 489. 553.] [487. 486. 850. 547.] [ 907.  475. 1278.  540.] 
r_1_62.jpg [136. 491. 493. 554.] [488. 484. 841. 546.] [ 898.  476. 1260.  539.] 
r_1_63.jpg [130. 489. 491. 551.] [490. 486. 837. 546.] [ 898.  473. 1248.  535.] 
r_1_64.jpg [173. 489. 519. 553.] [520. 486. 873. 546.] [ 923.  472. 1276.  532.] 
r_1_65.jpg [262. 489. 595. 550.] [597. 484. 954. 548.] [1006.  473. 1279.  540.] 
r_1_66.jpg [415. 490. 743. 553.] [ 746.  485. 1124.  551.] 
r_1_67.jpg [579. 483. 913. 552.] [ 913.  480. 1279.  547.] 
r_1_68.jpg [ 728.  478. 1094.  549.] 
r_1_69.jpg [ 826.  479. 1234.  552.] 
r_1_7.jpg [444. 499. 801. 567.] [ 803.  493. 1181.  561.] 
r_1_70.jpg [ 857.  479. 1278.  554.] 
r_1_71.jpg [ 875.  481. 1279.  556.] 
r_1_72.jpg 
r_1_73.jpg 
r_1_74.jpg 
r_1_75.jpg 
r_1_76.jpg 
r_1_77.jpg 
r_1_78.jpg 
r_1_79.jpg 
r_1_8.jpg 
r_1_80.jpg 
r_1_81.jpg 
r_1_82.jpg 
r_1_83.jpg 
r_1_84.jpg 
r_1_85.jpg 
r_1_86.jpg 
r_1_87.jpg 
r_1_88.jpg 
r_1_89.jpg 
r_1_9.jpg [446. 501. 797. 564.] [ 797.  491. 1178.  558.] 
r_1_90.jpg 
r_1_91.jpg 
r_1_92.jpg 
r_1_93.jpg 
r_1_94.jpg 
r_1_95.jpg 
r_1_96.jpg 
r_1_97.jpg 
r_1_98.jpg 
r_1_99.jpg 
