r_3_0.jpg [558. 562. 808. 605.] [ 804.  510. 1104.  554.] [ 808.  557. 1113.  603.] 
r_3_1.jpg [559. 562. 811. 609.] [ 806.  510. 1106.  553.] [ 804.  560. 1109.  603.] 
r_3_10.jpg [ 783.  558. 1061.  613.] 
r_3_100.jpg [ 186.  367. 1276.  538.] [ 200.  572. 1276.  752.] 
r_3_101.jpg [ 226.  377. 1275.  548.] [ 233.  571. 1278.  739.] 
r_3_102.jpg [ 244.  373. 1279.  537.] [ 253.  563. 1276.  748.] 
r_3_103.jpg 
r_3_104.jpg 
r_3_105.jpg 
r_3_106.jpg 
r_3_107.jpg [  0. 578. 589. 695.] 
r_3_108.jpg [ 24. 578. 588. 682.] 
r_3_109.jpg [ 35. 577. 566. 664.] [ 558.  449. 1213.  544.] [ 563.  553. 1219.  670.] 
r_3_11.jpg [ 763.  560. 1037.  607.] 
r_3_110.jpg [  7. 569. 516. 659.] [ 516.  455. 1088.  541.] [ 516.  556. 1094.  651.] 
r_3_111.jpg [  4. 575. 474. 653.] [468. 467. 992. 544.] [ 475.  555. 1000.  640.] 
r_3_112.jpg [417. 476. 892. 547.] [421. 559. 905. 636.] 
r_3_113.jpg [351. 481. 801. 552.] [364. 561. 812. 634.] 
r_3_114.jpg [292. 487. 721. 557.] [288. 569. 728. 635.] [ 797.  544. 1229.  621.] 
r_3_115.jpg [166. 494. 606. 563.] [175. 576. 607. 644.] [ 664.  553. 1052.  626.] 
r_3_116.jpg [ 66. 496. 510. 566.] [ 71. 582. 516. 646.] [576. 557. 943. 628.] 
r_3_117.jpg [459. 558. 814. 624.] 
r_3_118.jpg [436. 557. 797. 621.] 
r_3_119.jpg [441. 556. 802. 624.] 
r_3_12.jpg [ 766.  556. 1036.  609.] 
r_3_120.jpg [439. 561. 802. 621.] 
r_3_121.jpg [409. 565. 782. 631.] 
r_3_122.jpg [365. 572. 742. 635.] 
r_3_123.jpg [295. 566. 695. 638.] 
r_3_124.jpg [208. 572. 653. 643.] 
r_3_125.jpg [146. 578. 628. 656.] 
r_3_126.jpg [ 86. 567. 605. 653.] 
r_3_127.jpg [ 76. 577. 641. 660.] 
r_3_128.jpg [ 88. 573. 692. 664.] 
r_3_129.jpg [104. 572. 757. 676.] 
r_3_13.jpg [ 769.  557. 1036.  609.] 
r_3_130.jpg [ 81. 575. 798. 683.] 
r_3_131.jpg [ 46. 579. 849. 700.] 
r_3_132.jpg [ 39. 580. 933. 723.] 
r_3_133.jpg [  42.  575. 1010.  730.] 
r_3_134.jpg [  28.  567. 1056.  730.] 
r_3_135.jpg [  31.  565. 1074.  734.] 
r_3_136.jpg [  27.  563. 1067.  739.] 
r_3_137.jpg [  33.  560. 1071.  737.] 
r_3_138.jpg [  29.  565. 1061.  731.] 
r_3_139.jpg [  29.  568. 1046.  738.] 
r_3_14.jpg [ 798.  554. 1082.  606.] 
r_3_140.jpg [  52.  582. 1001.  720.] 
r_3_141.jpg [106. 572. 984. 712.] 
r_3_142.jpg [154. 563. 959. 694.] 
r_3_143.jpg [141. 567. 926. 691.] 
r_3_144.jpg [132. 565. 890. 684.] 
r_3_145.jpg [178. 565. 892. 682.] 
r_3_146.jpg [257. 561. 893. 660.] 
r_3_147.jpg [321. 554. 893. 658.] 
r_3_148.jpg [390. 557. 906. 649.] 
r_3_149.jpg [445. 547. 923. 637.] 
r_3_15.jpg [ 827.  555. 1109.  608.] 
r_3_150.jpg [477. 543. 937. 634.] 
r_3_151.jpg [542. 548. 961. 625.] 
r_3_152.jpg [ 603.  544. 1008.  619.] 
r_3_153.jpg [ 643.  545. 1030.  616.] [183. 489. 581. 555.] [190. 563. 583. 633.] 
r_3_154.jpg [ 683.  541. 1044.  607.] [254. 498. 628. 555.] [254. 566. 635. 629.] 
r_3_155.jpg [ 710.  545. 1062.  605.] [303. 502. 653. 553.] [311. 558. 661. 621.] 
r_3_156.jpg [ 87. 565. 406. 626.] [403. 508. 716. 558.] [400. 571. 726. 618.] [ 771.  546. 1104.  602.] 
r_3_157.jpg [ 800.  548. 1122.  607.] [452. 519. 744. 561.] [449. 564. 756. 618.] [147. 574. 448. 623.] 
r_3_158.jpg [196. 569. 483. 617.] [481. 514. 777. 558.] [482. 561. 774. 611.] [ 823.  545. 1137.  598.] 
r_3_159.jpg [ 841.  542. 1163.  598.] [520. 514. 800. 553.] [516. 560. 807. 608.] [214. 569. 523. 612.] 
r_3_16.jpg [ 856.  560. 1139.  608.] 
r_3_160.jpg [270. 561. 549. 615.] [545. 512. 828. 558.] [543. 557. 829. 607.] [ 862.  544. 1189.  600.] 
r_3_161.jpg [311. 564. 573. 609.] [572. 515. 846. 558.] [574. 560. 853. 605.] [ 892.  546. 1205.  597.] 
r_3_162.jpg [337. 564. 595. 612.] [598. 517. 863. 557.] [594. 559. 875. 607.] [ 914.  542. 1231.  597.] 
r_3_163.jpg [339. 564. 595. 609.] [594. 510. 864. 557.] [589. 556. 866. 605.] [ 912.  540. 1219.  599.] 
r_3_164.jpg [326. 562. 592. 612.] [596. 514. 866. 556.] [588. 559. 868. 611.] [ 906.  542. 1212.  599.]
r_3_165.jpg [332. 563. 591. 613.] [593. 511. 862. 557.] [593. 560. 869. 605.] [ 912.  544. 1226.  595.] 
r_3_166.jpg [334. 564. 592. 613.] [597. 515. 864. 556.] [594. 559. 872. 609.] [ 918.  545. 1216.  595.] 
r_3_167.jpg [336. 565. 592. 613.] [595. 515. 867. 561.] [593. 561. 879. 608.] [ 920.  538. 1229.  603.] 
r_3_168.jpg [300. 572. 574. 623.] [573. 519. 854. 569.] [575. 568. 856. 614.] [ 903.  550. 1228.  610.] 
r_3_169.jpg [315. 573. 594. 626.] [591. 520. 883. 565.] [590. 573. 892. 621.] [ 941.  553. 1277.  610.] 
r_3_17.jpg [ 874.  557. 1181.  609.] 
r_3_170.jpg [305. 578. 585. 627.] [585. 517. 886. 565.] [587. 569. 895. 624.] [ 943.  553. 1279.  612.] 
r_3_171.jpg [268. 575. 556. 630.] [560. 519. 872. 574.] [557. 571. 879. 627.] [ 923.  554. 1277.  614.] 
r_3_172.jpg [220. 580. 534. 634.] [531. 522. 858. 573.] [533. 575. 863. 627.] [ 920.  551. 1279.  620.] 
r_3_173.jpg [187. 575. 517. 637.] [515. 514. 852. 570.] [513. 573. 859. 629.] [ 920.  552. 1277.  618.] 
r_3_174.jpg [155. 581. 495. 640.] [499. 511. 850. 566.] [502. 576. 858. 638.] 
r_3_175.jpg [118. 582. 485. 641.] [489. 503. 852. 569.] [482. 568. 855. 636.] 
r_3_176.jpg [ 96. 586. 473. 646.] [474. 504. 854. 566.] [471. 567. 866. 634.] 
r_3_177.jpg [ 58. 583. 458. 649.] [461. 496. 868. 565.] [458. 574. 877. 642.] 
r_3_178.jpg [  9. 583. 440. 660.] [438. 492. 873. 562.] [441. 568. 884. 648.] 
r_3_179.jpg [415. 482. 886. 560.] [420. 566. 898. 644.] 
r_3_18.jpg [ 882.  554. 1202.  610.] 
r_3_180.jpg [392. 476. 902. 557.] [397. 568. 911. 654.] 
r_3_181.jpg [382. 476. 910. 564.] [386. 564. 924. 665.] 
r_3_182.jpg [351. 467. 936. 558.] [360. 571. 947. 673.] 
r_3_183.jpg [333. 463. 951. 559.] [342. 572. 967. 689.] 
r_3_184.jpg [315. 456. 976. 568.] [315. 573. 981. 695.] 
r_3_185.jpg [277. 446. 991. 565.] [ 280.  576. 1004.  713.] 
r_3_186.jpg [ 253.  438. 1015.  562.] [ 259.  580. 1035.  712.] 
r_3_187.jpg [ 240.  436. 1019.  563.] [ 251.  572. 1032.  717.] 
r_3_188.jpg [ 246.  435. 1011.  562.] [ 250.  576. 1024.  718.] 
r_3_189.jpg [ 244.  438. 1013.  561.] [ 255.  576. 1028.  712.] 
r_3_19.jpg [ 894.  552. 1213.  607.] 
r_3_190.jpg [ 247.  441. 1011.  558.] [ 254.  577. 1022.  718.] 
r_3_191.jpg [ 253.  437. 1016.  555.] [ 258.  579. 1027.  715.] 
r_3_192.jpg [ 248.  437. 1016.  559.] [ 260.  575. 1037.  716.] 
r_3_193.jpg [ 252.  439. 1016.  555.] [ 258.  575. 1027.  712.] 
r_3_194.jpg [ 267.  447. 1013.  564.] [ 271.  582. 1027.  721.] 
r_3_195.jpg [278. 447. 999. 553.] [ 285.  572. 1020.  702.] 
r_3_196.jpg [295. 446. 988. 561.] [ 308.  576. 1002.  703.] 
r_3_197.jpg [337. 454. 981. 559.] [346. 575. 993. 679.] 
r_3_198.jpg [370. 465. 976. 562.] [378. 576. 986. 685.] 
r_3_199.jpg [405. 466. 975. 559.] [410. 566. 985. 667.] 
r_3_2.jpg [560. 562. 811. 609.] [ 810.  512. 1104.  556.] [ 809.  561. 1109.  605.] 
r_3_20.jpg [ 899.  550. 1231.  607.] 
r_3_200.jpg [388. 462. 938. 560.] [393. 568. 943. 665.] 
r_3_201.jpg [392. 470. 912. 557.] [395. 565. 921. 658.] 
r_3_202.jpg [386. 472. 901. 554.] [393. 566. 908. 654.] 
r_3_203.jpg [390. 471. 887. 545.] [397. 557. 901. 646.] 
r_3_204.jpg [396. 470. 884. 547.] [409. 555. 889. 635.] 
r_3_205.jpg [446. 478. 901. 550.] [445. 550. 902. 636.] [  9. 570. 446. 649.] 
r_3_206.jpg [125. 571. 529. 647.] [519. 486. 959. 557.] [525. 558. 964. 639.] 
r_3_207.jpg [224. 563. 598. 633.] [ 602.  475. 1028.  548.] 
r_3_208.jpg [310. 561. 669. 627.] [ 667.  488. 1097.  548.] [ 669.  557. 1098.  628.] 
r_3_209.jpg [419. 561. 760. 627.] [ 756.  483. 1187.  545.] [ 752.  551. 1195.  622.] 
r_3_21.jpg [ 897.  554. 1235.  614.] 
r_3_210.jpg [510. 564. 847. 627.] [ 843.  485. 1278.  549.] [ 844.  556. 1277.  619.] 
r_3_211.jpg [519. 559. 852. 623.] [ 856.  482. 1279.  543.] [ 857.  548. 1278.  615.] 
r_3_212.jpg [517. 556. 856. 625.] [ 852.  483. 1279.  544.] [ 858.  545. 1277.  617.] 
r_3_213.jpg [521. 565. 862. 627.] 
r_3_214.jpg [574. 563. 919. 628.] 
r_3_215.jpg [ 684.  561. 1060.  632.] 
r_3_216.jpg [ 736.  563. 1154.  633.] 
r_3_217.jpg [ 792.  558. 1220.  636.] 
r_3_218.jpg 
r_3_219.jpg 
r_3_22.jpg 
r_3_220.jpg 
r_3_221.jpg 
r_3_222.jpg 
r_3_223.jpg 
r_3_224.jpg 
r_3_225.jpg 
r_3_226.jpg 
r_3_227.jpg 
r_3_228.jpg 
r_3_229.jpg 
r_3_23.jpg [ 881.  551. 1242.  617.] 
r_3_230.jpg 
r_3_231.jpg 
r_3_232.jpg 
r_3_233.jpg 
r_3_234.jpg 
r_3_235.jpg 
r_3_236.jpg 
r_3_237.jpg 
r_3_238.jpg 
r_3_239.jpg 
r_3_24.jpg [ 856.  553. 1230.  619.] 
r_3_240.jpg 
r_3_241.jpg 
r_3_242.jpg 
r_3_243.jpg 
r_3_244.jpg 
r_3_245.jpg 
r_3_246.jpg 
r_3_247.jpg 
r_3_248.jpg 
r_3_249.jpg 
r_3_25.jpg [ 849.  555. 1221.  622.] 
r_3_250.jpg 
r_3_251.jpg 
r_3_252.jpg 
r_3_253.jpg 
r_3_254.jpg 
r_3_255.jpg 
r_3_256.jpg 
r_3_257.jpg 
r_3_258.jpg 
r_3_259.jpg 
r_3_26.jpg [ 829.  556. 1213.  626.] 
r_3_260.jpg 
r_3_261.jpg [ 729.  552. 1279.  654.] 
r_3_262.jpg [ 655.  555. 1155.  643.] 
r_3_263.jpg [ 600.  553. 1056.  637.] 
r_3_264.jpg [543. 551. 962. 632.] 
r_3_265.jpg [486. 557. 880. 631.] 
r_3_266.jpg [427. 558. 802. 629.] [ 797.  477. 1252.  546.] [ 797.  545. 1259.  621.] 
r_3_267.jpg [371. 567. 726. 630.] [ 724.  486. 1139.  554.] [ 727.  552. 1145.  620.] 
r_3_268.jpg [333. 563. 675. 624.] [ 674.  490. 1058.  553.] [ 677.  555. 1062.  616.] 
r_3_269.jpg [290. 580. 633. 640.] [626. 509. 996. 565.] [635. 571. 994. 633.] 
r_3_27.jpg [ 800.  556. 1196.  624.] 
r_3_270.jpg [259. 568. 588. 624.] [582. 495. 917. 554.] [585. 560. 915. 613.] 
r_3_271.jpg [260. 572. 570. 624.] [576. 507. 887. 559.] [574. 565. 890. 615.] [ 941.  546. 1277.  603.] 
r_3_272.jpg [271. 566. 562. 618.] [563. 507. 857. 557.] [565. 560. 869. 608.] [ 913.  539. 1236.  598.] 
r_3_273.jpg [277. 568. 563. 622.] [558. 514. 852. 565.] [561. 566. 856. 617.] [ 898.  548. 1215.  603.] 
r_3_274.jpg [287. 566. 562. 622.] [563. 509. 848. 564.] [564. 564. 854. 612.] [ 893.  545. 1196.  599.] 
r_3_275.jpg [279. 567. 564. 611.] [563. 514. 844. 557.] [568. 559. 853. 604.] [ 893.  547. 1189.  596.] 
r_3_276.jpg [284. 569. 568. 614.] [564. 513. 849. 557.] [567. 562. 851. 606.] [ 896.  545. 1195.  591.] 
r_3_277.jpg [285. 567. 569. 615.] [563. 511. 852. 558.] [567. 563. 854. 605.] [ 898.  543. 1198.  593.] 
r_3_278.jpg [286. 572. 570. 620.] [568. 517. 851. 559.] [570. 565. 853. 609.] [ 903.  544. 1198.  599.] 
r_3_279.jpg [287. 566. 569. 615.] [568. 510. 847. 561.] [570. 564. 859. 611.] [ 904.  543. 1194.  597.] 
r_3_28.jpg [ 781.  554. 1181.  626.] 
r_3_280.jpg [285. 563. 571. 615.] [569. 511. 852. 558.] [569. 560. 853. 610.] [ 899.  541. 1208.  599.] 
r_3_281.jpg [288. 570. 568. 617.] [566. 513. 853. 563.] [570. 562. 861. 607.] [ 896.  545. 1203.  594.] 
r_3_282.jpg [284. 570. 565. 619.] [565. 513. 851. 559.] [571. 563. 863. 606.] [ 900.  544. 1209.  599.] 
r_3_283.jpg [284. 568. 568. 620.] [565. 507. 858. 555.] [568. 563. 856. 611.] [ 903.  545. 1213.  601.] 
r_3_284.jpg [270. 570. 569. 624.] [564. 511. 860. 557.] [565. 562. 867. 613.] [ 911.  547. 1218.  607.] 
r_3_285.jpg [263. 574. 555. 625.] [552. 508. 860. 558.] [559. 563. 864. 609.] [ 908.  537. 1221.  592.] 
r_3_286.jpg [229. 577. 540. 629.] [533. 518. 841. 565.] [538. 574. 848. 618.] [ 894.  551. 1222.  604.] 
r_3_287.jpg [195. 582. 516. 636.] [516. 523. 829. 570.] [512. 573. 829. 626.] [ 879.  554. 1209.  617.] 
r_3_288.jpg [178. 591. 503. 641.] [499. 515. 813. 562.] [502. 572. 827. 622.] [ 871.  546. 1199.  602.] 
r_3_289.jpg [173. 590. 500. 648.] [497. 520. 814. 574.] [502. 580. 820. 627.] [ 873.  559. 1196.  613.] 
r_3_29.jpg [ 762.  552. 1172.  630.] 
r_3_290.jpg [178. 589. 506. 643.] [498. 523. 814. 572.] [507. 575. 817. 631.] [ 875.  554. 1200.  614.] 
r_3_291.jpg [175. 586. 504. 645.] [502. 526. 815. 573.] [505. 578. 824. 629.] [ 875.  557. 1209.  616.] 
r_3_292.jpg [157. 588. 493. 643.] [494. 526. 811. 578.] [492. 583. 823. 630.] [ 862.  560. 1201.  621.] 
r_3_293.jpg [119. 591. 477. 647.] [475. 515. 806. 565.] [473. 570. 815. 631.] [ 865.  544. 1211.  609.] 
r_3_294.jpg [ 81. 582. 451. 650.] [450. 513. 803. 570.] [449. 571. 805. 635.] [ 859.  552. 1225.  621.] 
r_3_295.jpg [ 61. 583. 445. 652.] [439. 504. 809. 568.] [444. 568. 818. 637.] [ 870.  548. 1250.  621.] 
r_3_296.jpg [ 48. 587. 445. 658.] [444. 507. 820. 561.] [449. 577. 830. 638.] [ 891.  546. 1275.  613.] 
r_3_297.jpg [ 27. 585. 448. 659.] [448. 496. 847. 569.] [450. 574. 851. 637.] 
r_3_298.jpg [  4. 581. 447. 659.] [436. 497. 857. 566.] [439. 574. 863. 644.] 
r_3_299.jpg [  2. 582. 435. 654.] [432. 494. 868. 562.] [436. 572. 875. 645.] 
r_3_3.jpg [556. 561. 807. 613.] [ 808.  510. 1106.  556.] [ 810.  559. 1113.  603.] 
r_3_30.jpg [ 721.  563. 1160.  638.] 
r_3_300.jpg [422. 492. 874. 563.] [423. 577. 885. 649.] 
r_3_301.jpg [417. 489. 878. 561.] [418. 570. 885. 655.] 
r_3_302.jpg [416. 494. 882. 570.] [424. 574. 887. 660.] 
r_3_303.jpg [416. 493. 878. 561.] [421. 573. 889. 652.] 
r_3_304.jpg [419. 492. 879. 564.] [419. 578. 884. 656.] 
r_3_305.jpg [412. 492. 877. 566.] [419. 575. 880. 658.] 
r_3_306.jpg [418. 491. 880. 565.] [419. 583. 888. 662.] 
r_3_307.jpg [415. 496. 881. 569.] [422. 576. 887. 655.] 
r_3_308.jpg [413. 496. 871. 571.] [411. 577. 877. 651.] 
r_3_309.jpg [404. 498. 868. 570.] [411. 588. 874. 661.] 
r_3_31.jpg [ 695.  563. 1158.  643.] 
r_3_310.jpg [377. 500. 835. 570.] [381. 584. 846. 653.] 
r_3_311.jpg [377. 507. 839. 568.] [379. 583. 854. 656.] 
r_3_312.jpg [373. 501. 834. 571.] [382. 581. 846. 659.] 
r_3_313.jpg [376. 504. 835. 575.] [376. 590. 850. 660.] 
r_3_314.jpg [383. 505. 838. 572.] [384. 585. 843. 660.] 
r_3_315.jpg [366. 501. 821. 571.] [370. 590. 832. 666.] 
r_3_316.jpg [267. 504. 733. 575.] [268. 591. 737. 668.] 
r_3_317.jpg [303. 501. 768. 576.] [305. 590. 774. 666.] 
r_3_318.jpg [339. 528. 802. 596.] [342. 616. 805. 685.] 
r_3_319.jpg [336. 502. 790. 570.] [342. 593. 801. 658.] 
r_3_32.jpg [ 699.  562. 1202.  658.] 
r_3_320.jpg [335. 504. 797. 573.] [338. 590. 807. 657.] 
r_3_321.jpg [336. 504. 796. 576.] [338. 588. 802. 665.] 
r_3_322.jpg [335. 504. 796. 577.] [340. 593. 805. 663.] 
r_3_323.jpg [335. 506. 794. 574.] [339. 588. 804. 661.] 
r_3_324.jpg [336. 507. 793. 576.] [343. 590. 809. 662.] 
r_3_325.jpg [334. 505. 799. 574.] [339. 588. 805. 658.] 
r_3_326.jpg [336. 503. 795. 576.] [338. 595. 805. 662.] 
r_3_327.jpg [338. 508. 799. 572.] [340. 589. 806. 656.] 
r_3_328.jpg [341. 509. 797. 572.] [340. 591. 804. 660.] 
r_3_33.jpg [ 677.  565. 1234.  660.] 
r_3_34.jpg [ 636.  564. 1234.  673.] 
r_3_35.jpg [ 569.  566. 1212.  683.] 
r_3_36.jpg [ 483.  567. 1183.  696.] 
r_3_37.jpg [ 402.  567. 1187.  713.] 
r_3_38.jpg [ 290.  577. 1192.  738.] 
r_3_39.jpg [ 176.  578. 1216.  772.] 
r_3_4.jpg [556. 563. 807. 609.] [ 804.  515. 1104.  557.] [ 802.  559. 1110.  608.] 
r_3_40.jpg [  58.  583. 1274.  795.] 
r_3_41.jpg 
r_3_42.jpg 
r_3_43.jpg 
r_3_44.jpg 
r_3_45.jpg 
r_3_46.jpg 
r_3_47.jpg 
r_3_48.jpg 
r_3_49.jpg [   2.  586. 1276.  813.] 
r_3_5.jpg [559. 567. 810. 610.] [ 815.  514. 1113.  556.] [ 813.  563. 1113.  607.] 
r_3_50.jpg 
r_3_51.jpg 
r_3_52.jpg 
r_3_53.jpg 
r_3_54.jpg 
r_3_55.jpg 
r_3_56.jpg 
r_3_57.jpg 
r_3_58.jpg [ 553.  554. 1254.  676.] 
r_3_59.jpg [ 576.  556. 1214.  672.] 
r_3_6.jpg [608. 565. 851. 612.] [ 855.  514. 1162.  556.] [ 853.  561. 1166.  605.] 
r_3_60.jpg [ 593.  559. 1186.  661.] 
r_3_61.jpg [ 598.  553. 1142.  646.] 
r_3_62.jpg [ 592.  557. 1101.  648.] 
r_3_63.jpg [ 545.  558. 1005.  645.] 
r_3_64.jpg [476. 561. 901. 636.] 
r_3_65.jpg [365. 568. 775. 640.] [ 774.  471. 1248.  548.] [ 779.  558. 1256.  632.] 
r_3_66.jpg [233. 571. 644. 642.] [ 645.  488. 1072.  554.] [ 649.  559. 1076.  630.] 
r_3_67.jpg [ 80. 581. 516. 645.] [514. 492. 919. 558.] [514. 568. 925. 633.] 
r_3_68.jpg [  1. 581. 432. 653.] [429. 495. 834. 563.] [431. 566. 838. 638.] [ 894.  541. 1277.  619.] 
r_3_69.jpg [375. 493. 778. 564.] [378. 571. 785. 636.] [ 847.  549. 1217.  622.] 
r_3_7.jpg [625. 567. 874. 612.] [ 874.  515. 1188.  559.] [ 878.  563. 1189.  609.] 
r_3_70.jpg [306. 495. 718. 564.] [310. 577. 724. 637.] [ 778.  557. 1141.  622.] 
r_3_71.jpg [241. 493. 667. 563.] [249. 574. 667. 637.] [ 728.  552. 1077.  618.] 
r_3_72.jpg [241. 496. 662. 568.] [244. 577. 665. 637.] [ 726.  554. 1072.  620.] 
r_3_73.jpg [251. 499. 672. 566.] [251. 573. 674. 644.] [ 736.  555. 1094.  623.] 
r_3_74.jpg [253. 498. 674. 567.] [258. 573. 681. 644.] [ 740.  556. 1091.  629.] 
r_3_75.jpg [290. 495. 712. 569.] [302. 580. 716. 645.] [ 780.  564. 1148.  633.] 
r_3_76.jpg [276. 511. 705. 588.] [291. 591. 712. 654.] [ 766.  567. 1140.  636.] 
r_3_77.jpg [265. 500. 696. 572.] [275. 581. 697. 652.] [ 764.  559. 1136.  628.] 
r_3_78.jpg [242. 501. 690. 569.] [248. 584. 693. 650.] [ 758.  559. 1125.  625.] 
r_3_79.jpg [210. 493. 673. 571.] [225. 581. 681. 656.] [ 744.  559. 1126.  627.] 
r_3_8.jpg [ 796.  530. 1057.  567.] 
r_3_80.jpg [178. 494. 664. 573.] [183. 584. 676. 657.] [ 740.  560. 1126.  628.] 
r_3_81.jpg [185. 484. 684. 570.] [195. 576. 696. 663.] [ 766.  553. 1179.  625.] 
r_3_82.jpg [198. 484. 735. 569.] [209. 584. 741. 665.] [ 822.  555. 1271.  633.] 
r_3_83.jpg [218. 477. 777. 565.] [221. 580. 785. 668.] 
r_3_84.jpg [246. 465. 833. 563.] [246. 576. 850. 672.] 
r_3_85.jpg [244. 459. 884. 560.] [249. 576. 891. 676.] 
r_3_86.jpg [258. 451. 929. 559.] [261. 573. 942. 688.] 
r_3_87.jpg [262. 439. 996. 563.] [ 267.  580. 1007.  704.] 
r_3_88.jpg [ 250.  428. 1053.  561.] [ 255.  583. 1064.  724.] 
r_3_89.jpg [ 243.  420. 1103.  556.] [ 254.  584. 1116.  721.] 
r_3_9.jpg [ 802.  545. 1075.  591.] 
r_3_90.jpg [ 211.  410. 1146.  553.] [ 219.  578. 1160.  748.] 
r_3_91.jpg [ 195.  399. 1204.  550.] [ 202.  583. 1225.  769.] 
r_3_92.jpg [ 162.  371. 1269.  547.] [ 176.  567. 1278.  759.] 
r_3_93.jpg [ 142.  362. 1278.  542.] [ 156.  575. 1278.  781.] 
r_3_94.jpg [ 139.  363. 1277.  552.] [ 153.  576. 1276.  738.] 
r_3_95.jpg [ 135.  366. 1277.  564.] [ 145.  576. 1278.  765.]  
r_3_96.jpg [ 135.  363. 1278.  549.] [ 153.  579. 1276.  752.] 
r_3_97.jpg [ 139.  368. 1275.  545.] [ 157.  583. 1278.  764.] 
r_3_98.jpg [ 141.  364. 1279.  544.] [ 154.  585. 1279.  755.] 
r_3_99.jpg [ 153.  373. 1274.  542.] [ 161.  578. 1277.  759.] 
