r_2_0.jpg [ 574.  561. 1205.  666.] 
r_2_1.jpg [ 568.  559. 1205.  672.] 
r_2_10.jpg 
r_2_100.jpg [   2.  372. 1144.  546.] [   3.  576. 1161.  757.] 
r_2_101.jpg [  36.  388. 1064.  550.] [  53.  573. 1072.  746.] 
r_2_102.jpg [  85.  394. 1042.  552.] [  97.  573. 1057.  723.] 
r_2_103.jpg [ 135.  411. 1029.  547.] [ 151.  570. 1054.  708.] 
r_2_104.jpg [ 170.  417. 1022.  550.] [ 187.  572. 1042.  708.] 
r_2_105.jpg [ 208.  419. 1007.  553.] [ 214.  568. 1028.  700.] 
r_2_106.jpg [225. 423. 995. 546.] [ 238.  566. 1013.  686.] 
r_2_107.jpg [253. 428. 974. 550.] [256. 566. 992. 684.] 
r_2_108.jpg [264. 434. 964. 547.] [268. 564. 973. 673.] 
r_2_109.jpg [272. 441. 944. 552.] [279. 570. 958. 675.] 
r_2_11.jpg [ 283.  579. 1212.  732.] 
r_2_110.jpg [281. 448. 936. 549.] [286. 566. 949. 663.] 
r_2_111.jpg [286. 449. 920. 551.] [292. 565. 934. 672.] 
r_2_112.jpg [305. 457. 900. 556.] [313. 562. 910. 665.] 
r_2_113.jpg [314. 460. 878. 555.] [319. 560. 889. 662.] 
r_2_114.jpg [321. 468. 857. 554.] [331. 565. 867. 654.] 
r_2_115.jpg [323. 471. 839. 553.] [335. 564. 848. 651.] 
r_2_116.jpg [334. 476. 821. 552.] [339. 563. 830. 640.] 
r_2_117.jpg [339. 491. 806. 565.] [348. 568. 815. 641.] 
r_2_118.jpg [346. 486. 796. 552.] [354. 565. 805. 639.] 
r_2_119.jpg [356. 486. 799. 561.] [362. 567. 803. 636.] [ 872.  545. 1278.  615.] 
r_2_12.jpg [ 204.  581. 1246.  754.] 
r_2_120.jpg [360. 483. 798. 553.] [365. 566. 806. 637.] [ 873.  542. 1277.  617.] 
r_2_121.jpg [362. 491. 795. 556.] [366. 565. 802. 632.] [ 874.  540. 1278.  615.] 
r_2_122.jpg [356. 484. 794. 551.] [365. 566. 809. 635.] [ 872.  546. 1278.  620.] 
r_2_123.jpg [361. 485. 798. 555.] [362. 570. 812. 638.] 
r_2_124.jpg [355. 486. 799. 552.] [356. 574. 810. 644.] 
r_2_125.jpg [337. 479. 809. 554.] [338. 562. 819. 644.] 
r_2_126.jpg [347. 484. 850. 561.] [354. 580. 859. 655.] 
r_2_127.jpg [386. 479. 926. 558.] [396. 575. 940. 665.] 
r_2_128.jpg [380. 467. 966. 558.] [389. 573. 969. 652.] 
r_2_129.jpg [347. 460. 979. 556.] [355. 576. 989. 670.] 
r_2_13.jpg [  69.  591. 1279.  792.] 
r_2_130.jpg [308. 457. 994. 561.] [317. 577. 998. 691.] 
r_2_131.jpg [ 263.  439. 1009.  558.] [ 270.  574. 1024.  703.] 
r_2_132.jpg [ 197.  429. 1036.  568.] [ 203.  586. 1050.  719.] 
r_2_133.jpg [ 124.  408. 1065.  566.] [ 125.  590. 1084.  746.] 
r_2_134.jpg [   9.  387. 1126.  559.] [  21.  596. 1147.  786.] 
r_2_135.jpg [   2.  350. 1202.  548.] [   2.  599. 1254.  795.] 
r_2_136.jpg 
r_2_137.jpg 
r_2_138.jpg 
r_2_139.jpg 
r_2_14.jpg 
r_2_140.jpg 
r_2_141.jpg 
r_2_142.jpg 
r_2_143.jpg 
r_2_144.jpg 
r_2_145.jpg 
r_2_146.jpg 
r_2_147.jpg 
r_2_148.jpg 
r_2_149.jpg 
r_2_15.jpg 
r_2_150.jpg 
r_2_151.jpg 
r_2_152.jpg 
r_2_153.jpg 
r_2_154.jpg 
r_2_155.jpg 
r_2_156.jpg 
r_2_157.jpg 
r_2_158.jpg 
r_2_159.jpg 
r_2_16.jpg 
r_2_160.jpg 
r_2_161.jpg 
r_2_162.jpg 
r_2_163.jpg [ 189.  411. 1097.  549.] [ 192.  575. 1107.  737.] 
r_2_164.jpg [ 207.  421. 1012.  553.] [ 219.  568. 1027.  707.] 
r_2_165.jpg [223. 437. 925. 547.] [230. 563. 935. 683.] 
r_2_166.jpg [195. 456. 802. 556.] [202. 575. 816. 670.] 
r_2_167.jpg [142. 467. 710. 558.] [150. 565. 719. 667.] [ 803.  548. 1279.  641.] 
r_2_168.jpg [ 31. 478. 590. 561.] [ 38. 579. 599. 661.] [ 678.  554. 1143.  629.] 
r_2_169.jpg [532. 559. 968. 635.] 
r_2_17.jpg 
r_2_170.jpg [463. 561. 892. 632.] 
r_2_171.jpg [401. 565. 828. 636.] 
r_2_172.jpg [370. 568. 806. 642.] 
r_2_173.jpg [282. 568. 739. 646.] 
r_2_174.jpg [205. 572. 684. 654.] 
r_2_175.jpg [ 80. 579. 624. 669.] 
r_2_176.jpg [  2. 578. 582. 668.] 
r_2_177.jpg 
r_2_178.jpg 
r_2_179.jpg 
r_2_18.jpg 
r_2_180.jpg 
r_2_181.jpg 
r_2_182.jpg 
r_2_183.jpg 
r_2_184.jpg 
r_2_185.jpg 
r_2_186.jpg 
r_2_187.jpg 
r_2_188.jpg 
r_2_189.jpg 
r_2_19.jpg 
r_2_190.jpg 
r_2_191.jpg 
r_2_192.jpg 
r_2_193.jpg 
r_2_194.jpg 
r_2_195.jpg 
r_2_196.jpg 
r_2_197.jpg 
r_2_198.jpg 
r_2_199.jpg 
r_2_2.jpg [ 570.  560. 1205.  668.] 
r_2_20.jpg 
r_2_200.jpg 
r_2_201.jpg 
r_2_202.jpg 
r_2_203.jpg 
r_2_204.jpg 
r_2_205.jpg 
r_2_206.jpg 
r_2_207.jpg 
r_2_208.jpg 
r_2_209.jpg 
r_2_21.jpg 
r_2_210.jpg 
r_2_211.jpg 
r_2_212.jpg 
r_2_213.jpg [  0. 592. 821. 715.] 
r_2_214.jpg [ 40. 569. 829. 678.] 
r_2_215.jpg [136. 571. 851. 683.] 
r_2_216.jpg [249. 561. 883. 664.] 
r_2_217.jpg [345. 551. 916. 656.] 
r_2_218.jpg [386. 554. 932. 651.] 
r_2_219.jpg [415. 552. 945. 653.] 
r_2_22.jpg 
r_2_220.jpg [464. 551. 960. 640.] 
r_2_221.jpg [493. 550. 978. 639.] 
r_2_222.jpg [525. 542. 997. 633.] 
r_2_223.jpg [ 541.  541. 1003.  627.] 
r_2_224.jpg [ 558.  545. 1010.  634.] 
r_2_225.jpg [ 571.  542. 1027.  630.] 
r_2_226.jpg [ 586.  545. 1035.  628.] 
r_2_227.jpg [ 598.  550. 1048.  629.] 
r_2_228.jpg [ 53. 492. 539. 561.] [ 62. 571. 552. 641.] [ 615.  546. 1055.  618.] 
r_2_229.jpg [ 83. 487. 559. 563.] [ 83. 575. 566. 645.] [ 630.  546. 1072.  628.] 
r_2_23.jpg 
r_2_230.jpg [ 83. 484. 558. 559.] [ 87. 566. 565. 641.] [ 631.  546. 1075.  623.] 
r_2_231.jpg [ 82. 486. 556. 557.] [ 83. 566. 567. 640.] [ 629.  548. 1068.  627.] 
r_2_232.jpg [ 80. 487. 558. 560.] [ 90. 565. 565. 636.] [ 632.  541. 1071.  623.] 
r_2_233.jpg [101. 496. 571. 564.] [104. 577. 574. 651.] [ 639.  556. 1070.  632.] 
r_2_234.jpg [133. 498. 580. 565.] [137. 573. 589. 644.] [ 649.  543. 1070.  618.] 
r_2_235.jpg [166. 498. 591. 558.] [171. 568. 599. 634.] [ 654.  549. 1067.  618.] 
r_2_236.jpg [189. 501. 603. 558.] [194. 567. 609. 632.] [ 666.  542. 1072.  619.] 
r_2_237.jpg [211. 499. 600. 562.] [219. 572. 613. 630.] [ 671.  550. 1046.  618.] 
r_2_238.jpg [224. 503. 600. 560.] [233. 567. 608. 623.] [ 660.  544. 1022.  611.] 
r_2_239.jpg [218. 501. 580. 563.] [226. 567. 583. 627.] [635. 544. 977. 608.] 
r_2_24.jpg 
r_2_240.jpg [218. 511. 562. 564.] [219. 571. 564. 628.] [616. 550. 935. 608.] 
r_2_241.jpg [220. 517. 555. 568.] [223. 577. 557. 624.] [605. 553. 918. 609.] 
r_2_242.jpg [221. 522. 552. 570.] [228. 574. 552. 624.] [596. 556. 901. 611.] [225. 515. 552. 567.] [228. 571. 550. 624.] [596. 555. 901. 610.] 
r_2_243.jpg [268. 520. 571. 569.] [271. 569. 580. 620.] [618. 556. 901. 608.] 
r_2_244.jpg [  4. 583. 311. 629.] [303. 521. 592. 567.] [302. 572. 598. 618.] [638. 554. 919. 604.] 
r_2_245.jpg [ 59. 579. 341. 633.] [342. 527. 622. 575.] [345. 575. 622. 621.] [662. 559. 941. 611.] 
r_2_246.jpg [ 78. 575. 360. 628.] [360. 525. 633. 569.] [363. 571. 634. 617.] [670. 554. 944. 605.] 
r_2_247.jpg [ 83. 579. 361. 626.] [364. 525. 632. 571.] [361. 568. 635. 615.] [675. 546. 939. 605.] 
r_2_248.jpg [ 75. 581. 363. 627.] [361. 523. 633. 568.] [361. 573. 635. 618.] [669. 550. 943. 603.] [ 79. 579. 358. 621.] [363. 523. 632. 566.] [362. 573. 634. 610.] [673. 550. 945. 600.] 
r_2_249.jpg [ 80. 580. 361. 626.] [364. 525. 630. 569.] [363. 570. 638. 614.] [674. 556. 941. 605.] 
r_2_25.jpg 
r_2_250.jpg [ 75. 579. 357. 626.] [361. 520. 631. 567.] [364. 564. 635. 614.] [672. 554. 942. 602.] 
r_2_251.jpg [ 76. 577. 360. 623.] [362. 522. 628. 568.] [360. 571. 633. 613.] [677. 548. 943. 602.] 
r_2_252.jpg [ 72. 578. 364. 622.] [365. 524. 630. 570.] [361. 569. 635. 616.] [668. 552. 937. 603.] 
r_2_253.jpg [ 75. 576. 361. 624.] [364. 521. 630. 568.] [362. 570. 634. 610.] [668. 551. 947. 603.] 
r_2_254.jpg [ 74. 577. 358. 625.] [359. 524. 627. 569.] [361. 573. 631. 618.] [674. 557. 943. 605.] 
r_2_255.jpg [ 77. 577. 356. 628.] [363. 529. 627. 573.] [357. 578. 632. 617.] [673. 557. 940. 604.] 
r_2_256.jpg [ 76. 581. 360. 631.] [365. 529. 628. 576.] [361. 573. 632. 620.] [672. 559. 942. 608.] 
r_2_257.jpg [ 75. 583. 359. 626.] [365. 524. 628. 570.] [365. 569. 634. 617.] [676. 553. 942. 604.] 
r_2_258.jpg [ 77. 574. 356. 623.] [359. 521. 631. 569.] [357. 566. 629. 615.] [674. 549. 941. 600.] 
r_2_259.jpg [ 69. 574. 360. 626.] [361. 520. 630. 565.] [361. 565. 633. 615.] [673. 548. 946. 603.] 
r_2_26.jpg 
r_2_260.jpg [ 74. 581. 361. 625.] [362. 520. 629. 567.] [361. 570. 632. 614.] [676. 551. 940. 597.] 
r_2_261.jpg [ 76. 579. 360. 627.] [360. 524. 625. 569.] [361. 574. 632. 615.] [675. 553. 938. 604.] 
r_2_262.jpg [ 78. 579. 357. 630.] [360. 527. 629. 570.] [356. 574. 632. 620.] [665. 552. 941. 604.] 
r_2_263.jpg [ 73. 583. 357. 631.] [360. 530. 628. 573.] [358. 573. 630. 620.] [670. 554. 935. 605.] [ 68. 581. 359. 630.] [357. 529. 627. 574.] [356. 574. 633. 618.] [670. 553. 937. 606.] 
r_2_264.jpg [ 70. 575. 353. 626.] [357. 521. 625. 566.] [360. 571. 630. 618.] [666. 549. 938. 604.] 
r_2_265.jpg [ 65. 576. 357. 623.] [363. 522. 627. 566.] [359. 565. 628. 616.] [666. 548. 939. 603.] [ 66. 580. 360. 627.] [355. 520. 625. 566.] [360. 566. 629. 615.] [665. 549. 939. 601.] 
r_2_266.jpg [ 70. 578. 359. 625.] [355. 518. 625. 566.] [358. 566. 630. 614.] [669. 547. 936. 600.] 
r_2_267.jpg [ 75. 584. 357. 626.] [358. 518. 625. 570.] [360. 568. 633. 614.] [677. 550. 942. 602.] 
r_2_268.jpg [ 71. 580. 357. 631.] [359. 522. 625. 569.] [355. 569. 631. 613.] [669. 548. 940. 603.] 
r_2_269.jpg [ 67. 579. 354. 630.] [359. 519. 624. 567.] [359. 566. 633. 614.] [665. 550. 942. 600.] 
r_2_27.jpg 
r_2_270.jpg [ 71. 579. 356. 629.] [360. 520. 625. 566.] [355. 570. 637. 616.] [668. 550. 937. 602.] 
r_2_271.jpg [ 66. 579. 357. 627.] [355. 520. 627. 570.] [358. 571. 631. 615.] [669. 552. 931. 601.] 
r_2_272.jpg [ 69. 580. 356. 626.] [360. 519. 626. 565.] [355. 569. 630. 615.] [673. 543. 937. 601.] 
r_2_273.jpg [ 68. 576. 357. 629.] [356. 518. 627. 570.] [354. 569. 632. 613.] [666. 549. 942. 602.] 
r_2_274.jpg [ 68. 580. 356. 625.] [358. 518. 626. 567.] [356. 568. 633. 613.] [667. 549. 937. 602.] 
r_2_275.jpg [ 67. 582. 358. 628.] [357. 518. 627. 567.] [357. 570. 628. 615.] [672. 549. 941. 599.] 
r_2_276.jpg [ 70. 578. 355. 628.] [357. 520. 623. 566.] [359. 570. 630. 614.] [666. 548. 938. 600.] 
r_2_277.jpg [ 61. 578. 355. 627.] [354. 525. 627. 565.] [353. 569. 632. 615.] [676. 553. 939. 600.] 
r_2_278.jpg [ 66. 578. 353. 623.] [355. 525. 621. 569.] [357. 572. 625. 613.] [669. 550. 937. 602.] [ 64. 574. 349. 628.] [354. 519. 623. 567.] [347. 570. 630. 615.] [665. 552. 941. 602.] 
r_2_279.jpg [ 62. 580. 349. 629.] [351. 521. 621. 569.] [350. 570. 630. 616.] [664. 549. 936. 597.] 
r_2_28.jpg 
r_2_280.jpg [ 63. 585. 348. 631.] [354. 525. 620. 567.] [353. 574. 626. 618.] [664. 555. 935. 604.] 
r_2_281.jpg [ 60. 582. 352. 635.] [349. 526. 623. 573.] [345. 576. 625. 622.] [662. 554. 934. 607.] 
r_2_282.jpg [ 76. 587. 353. 634.] [353. 532. 621. 572.] [348. 579. 624. 622.] [672. 555. 934. 607.] 
r_2_283.jpg [ 63. 585. 349. 634.] [352. 526. 624. 570.] [350. 579. 626. 620.] [662. 556. 931. 606.] 
r_2_284.jpg [ 62. 592. 351. 635.] [351. 531. 621. 577.] [352. 582. 625. 624.] [669. 562. 936. 611.] 
r_2_285.jpg [ 59. 592. 350. 637.] [353. 532. 625. 576.] [352. 582. 628. 621.] [667. 560. 933. 610.] 
r_2_286.jpg [ 58. 584. 348. 633.] [352. 525. 617. 571.] [349. 577. 625. 622.] [664. 554. 933. 604.] 
r_2_29.jpg 
r_2_3.jpg [ 567.  557. 1214.  662.] 
r_2_30.jpg 
r_2_31.jpg 
r_2_32.jpg 
r_2_33.jpg 
r_2_34.jpg 
r_2_35.jpg 
r_2_36.jpg 
r_2_37.jpg [ 416.  560. 1263.  712.] 
r_2_38.jpg [ 379.  563. 1116.  699.] 
r_2_39.jpg [ 345.  559. 1036.  688.] 
r_2_4.jpg [ 568.  556. 1203.  670.] 
r_2_40.jpg [318. 559. 958. 676.] 
r_2_41.jpg [285. 567. 888. 671.] 
r_2_42.jpg [267. 581. 828. 682.] 
r_2_43.jpg [277. 571. 815. 659.] 
r_2_44.jpg [320. 565. 824. 653.] 
r_2_45.jpg [323. 570. 804. 655.] 
r_2_46.jpg [284. 572. 754. 651.] [ 741.  469. 1266.  544.] [ 749.  556. 1279.  636.] 
r_2_47.jpg [275. 577. 742. 656.] [ 740.  470. 1256.  551.] [ 743.  552. 1268.  638.] 
r_2_48.jpg [274. 571. 740. 649.] [ 731.  460. 1252.  543.] [ 745.  544. 1268.  632.] 
r_2_49.jpg [272. 571. 734. 646.] [ 728.  454. 1243.  542.] [ 742.  555. 1258.  636.] 
r_2_5.jpg [ 566.  560. 1207.  670.] 
r_2_50.jpg [213. 581. 694. 656.] [ 682.  473. 1193.  546.] [ 695.  558. 1201.  641.] 
r_2_51.jpg [ 55. 586. 558. 666.] [ 552.  475. 1033.  556.] [ 560.  568. 1044.  651.] 
r_2_52.jpg [415. 481. 900. 565.] [427. 569. 912. 653.] 
r_2_53.jpg [268. 479. 789. 567.] [277. 583. 800. 653.] [ 867.  551. 1278.  630.] 
r_2_54.jpg [113. 469. 687. 563.] [121. 577. 696. 667.] [ 769.  552. 1183.  637.] 
r_2_55.jpg [  0. 462. 611. 573.] [  0. 591. 625. 677.] [ 704.  557. 1123.  642.] 
r_2_56.jpg [ 678.  560. 1131.  644.] 
r_2_57.jpg [ 682.  553. 1146.  645.] 
r_2_58.jpg [ 703.  555. 1202.  658.] 
r_2_59.jpg [ 733.  551. 1275.  657.] 
r_2_6.jpg [ 570.  560. 1198.  665.] 
r_2_60.jpg 
r_2_61.jpg 
r_2_62.jpg 
r_2_63.jpg 
r_2_64.jpg 
r_2_65.jpg 
r_2_66.jpg 
r_2_67.jpg 
r_2_68.jpg 
r_2_69.jpg 
r_2_7.jpg [ 547.  564. 1206.  675.] 
r_2_70.jpg 
r_2_71.jpg 
r_2_72.jpg 
r_2_73.jpg 
r_2_74.jpg 
r_2_75.jpg 
r_2_76.jpg 
r_2_77.jpg 
r_2_78.jpg 
r_2_79.jpg 
r_2_8.jpg [ 513.  566. 1225.  692.] 
r_2_80.jpg 
r_2_81.jpg 
r_2_82.jpg 
r_2_83.jpg 
r_2_84.jpg 
r_2_85.jpg 
r_2_86.jpg 
r_2_87.jpg 
r_2_88.jpg 
r_2_89.jpg 
r_2_9.jpg [ 447.  573. 1210.  707.] 
r_2_90.jpg 
r_2_91.jpg 
r_2_92.jpg 
r_2_93.jpg 
r_2_94.jpg 
r_2_95.jpg 
r_2_96.jpg 
r_2_97.jpg 
r_2_98.jpg 
r_2_99.jpg [   3.  337. 1248.  534.] [   0.  581. 1263.  780.] 
