IMG_20200229_073650.jpg [102. 307. 876. 442.]
IMG_20200229_073650.jpg [101. 307. 873. 443.]
IMG_20200229_073651.jpg [161. 329. 929. 458.]
IMG_20200229_073653.jpg [ 48. 318. 807. 448.]
IMG_20200229_073659.jpg [ 50. 324. 828. 461.]
IMG_20200229_073700.jpg [154. 305. 925. 440.]
IMG_20200229_073703.jpg [ 44. 293. 739. 412.]
IMG_20200229_073704.jpg [152. 292. 833. 406.]
IMG_20200229_073708.jpg [250. 256. 919. 372.]
IMG_20200229_073709.jpg [304. 265. 977. 378.]
IMG_20200229_073711.jpg [ 348.  301. 1018.  415.]
IMG_20200229_073711_1.jpg [304. 296. 967. 412.]
IMG_20200229_073712.jpg [200. 266. 856. 381.]
IMG_20200229_073713.jpg [107. 258. 770. 372.]
IMG_20200229_073719.jpg [ 450.  337. 1012.  432.]
IMG_20200229_073719_1.jpg [362. 326. 908. 419.]
IMG_20200229_073720.jpg [299. 353. 839. 446.]
IMG_20200229_073721.jpg [177. 346. 720. 442.]
IMG_20200229_073722.jpg [ 98. 338. 649. 431.]
IMG_20200229_073725.jpg [435. 366. 995. 461.]
IMG_20200229_073726.jpg [377. 369. 929. 463.]
IMG_20200229_073728.jpg [232. 354. 777. 447.]
IMG_20200229_073728_1.jpg [175. 343. 723. 435.]
IMG_20200229_073729.jpg [ 87. 339. 638. 432.]
IMG_20200229_073734.jpg [498. 326. 968. 407.]
IMG_20200229_073735.jpg [381. 335. 831. 414.]
IMG_20200229_073736.jpg [167. 340. 624. 418.]
IMG_20200229_073750.jpg [542. 331. 987. 405.]
IMG_20200229_073751.jpg [464. 340. 891. 414.]
IMG_20200229_073751_1.jpg [403. 339. 822. 412.]
IMG_20200229_073752.jpg [330. 347. 744. 420.]
IMG_20200229_073754.jpg [168. 349. 592. 425.]
IMG_20200229_073755.jpg [115. 349. 550. 424.]
IMG_20200229_073756.jpg [ 39. 362. 490. 439.]
IMG_20200229_073759.jpg [524. 392. 952. 464.]
IMG_20200229_073759_1.jpg [504. 384. 930. 457.]
IMG_20200229_073800.jpg [423. 367. 845. 441.]
IMG_20200229_073801.jpg [351. 359. 764. 431.]
IMG_20200229_073802.jpg [324. 355. 734. 426.]
IMG_20200229_073803.jpg [240. 347. 652. 419.]
IMG_20200229_073805.jpg [185. 335. 599. 406.]
IMG_20200229_073806.jpg [176. 328. 588. 399.]
IMG_20200229_073807.jpg [142. 327. 557. 397.]
IMG_20200229_073808.jpg [107. 318. 528. 391.]
IMG_20200229_073813.jpg [594. 318. 980. 380.]
IMG_20200229_073813_1.jpg [536. 298. 914. 360.]
IMG_20200229_073814.jpg [510. 303. 881. 367.]
IMG_20200229_073815.jpg [460. 318. 823. 381.]
IMG_20200229_073816.jpg [413. 316. 771. 378.]
IMG_20200229_073816_1.jpg [375. 321. 730. 381.]
IMG_20200229_073817.jpg [297. 325. 654. 392.]
IMG_20200229_073818.jpg [221. 327. 585. 396.]
IMG_20200229_073819.jpg [146. 327. 521. 392.]
IMG_20200229_073820.jpg [ 45. 332. 443. 405.]
IMG_20200229_073823.jpg [614. 415. 982. 478.]
IMG_20200229_073824.jpg [581. 395. 948. 460.]
IMG_20200229_073825.jpg [480. 369. 836. 434.]
IMG_20200229_073826.jpg [471. 361. 827. 426.]
IMG_20200229_073826_1.jpg [436. 353. 793. 416.]
IMG_20200229_073827.jpg [402. 354. 754. 418.]
IMG_20200229_073828.jpg [344. 356. 705. 419.]
IMG_20200229_073829.jpg [313. 347. 675. 410.]
IMG_20200229_073829_1.jpg [295. 344. 660. 407.]
IMG_20200229_073831.jpg [270. 364. 635. 428.]
IMG_20200229_073832.jpg [233. 344. 601. 408.]
IMG_20200229_073852.jpg [226. 315. 606. 383.]
IMG_20200229_073853.jpg [210. 326. 588. 393.]
IMG_20200229_073854.jpg [156. 339. 542. 407.]
IMG_20200229_073855.jpg [117. 334. 504. 403.]
IMG_20200229_073856.jpg [ 75. 339. 468. 405.]
IMG_20200229_073857.jpg [ 32. 337. 433. 404.]
IMG_20200229_073903.jpg [612. 319. 976. 377.]
IMG_20200229_073903_1.jpg [559. 349. 916. 405.]
IMG_20200229_073904.jpg [478. 353. 819. 410.]
IMG_20200229_073905.jpg [419. 360. 755. 420.]
IMG_20200229_073906.jpg [281. 376. 617. 434.]
IMG_20200229_073907.jpg [242. 379. 579. 437.]
IMG_20200229_073909.jpg [207. 357. 548. 415.]
IMG_20200229_073910.jpg [118. 348. 474. 408.]
IMG_20200229_073913.jpg [481. 374. 791. 431.]
IMG_20200229_073913_1.jpg [444. 382. 748. 440.]
IMG_20200229_073914.jpg [403. 370. 712. 426.]
IMG_20200229_073938.jpg [515. 383. 848. 444.]
IMG_20200229_073940.jpg [414. 378. 743. 436.]
IMG_20200229_073941.jpg [386. 391. 711. 450.]
IMG_20200229_073942.jpg [314. 395. 637. 453.]
IMG_20200229_073942_1.jpg [277. 386. 606. 445.]
IMG_20200229_073944.jpg [214. 389. 550. 448.]
IMG_20200229_073944_1.jpg [156. 385. 502. 445.]
IMG_20200229_073945.jpg [ 93. 378. 450. 439.]
IMG_20200229_073946.jpg [ 19. 380. 387. 443.]
IMG_20200229_073952.jpg [668. 290. 993. 344.]
IMG_20200229_073952_1.jpg [588. 315. 898. 368.]
IMG_20200229_073953.jpg [539. 373. 839. 426.]
IMG_20200229_073954.jpg [495. 376. 786. 431.]
IMG_20200229_073955.jpg [437. 392. 729. 443.]
IMG_20200229_073956.jpg [383. 384. 670. 436.]
IMG_20200229_073956_1.jpg [324. 379. 618. 432.]
IMG_20200229_073957.jpg [271. 405. 569. 458.]
IMG_20200229_073958.jpg [185. 409. 490. 459.]
IMG_20200229_073959.jpg [104. 397. 421. 448.]
IMG_20200229_074000.jpg [ 31. 377. 361. 430.]
IMG_20200229_074002.jpg [454. 399. 735. 450.]
IMG_20200229_074003.jpg [431. 398. 713. 454.]
IMG_20200229_074004.jpg [401. 408. 683. 465.]
IMG_20200229_074006.jpg [369. 427. 658. 480.]
IMG_20200229_074007.jpg [356. 437. 640. 492.]
IMG_20200229_074008.jpg [318. 423. 609. 474.]
IMG_20200229_074008_1.jpg [295. 396. 590. 446.]
IMG_20200229_074009.jpg [252. 396. 547. 446.]
IMG_20200229_074010.jpg [182. 389. 487. 440.]
IMG_20200229_074012.jpg [139. 385. 451. 434.]
IMG_20200229_074053.jpg [527. 347. 820. 401.]
IMG_20200229_074054.jpg [472. 368. 762. 419.]
IMG_20200229_074055.jpg [442. 365. 730. 418.]
IMG_20200229_074056.jpg [398. 351. 686. 404.]
IMG_20200229_074058.jpg [415. 378. 700. 427.]
IMG_20200229_074059.jpg [349. 357. 641. 410.]
IMG_20200229_074100.jpg [331. 383. 622. 437.]
IMG_20200229_074101.jpg [324. 419. 619. 471.]
IMG_20200229_074103.jpg [117. 366. 435. 419.]
