IMG_20200229_073508.jpg [197. 310. 790. 415.]
IMG_20200229_073509.jpg [203. 362. 791. 465.]
IMG_20200229_073510.jpg [266. 333. 851. 431.]
IMG_20200229_073510_1.jpg [318. 364. 897. 466.]
IMG_20200229_073511.jpg [379. 409. 958. 511.]
IMG_20200229_073512.jpg [417. 372. 998. 477.]
IMG_20200229_073516.jpg [278. 441. 865. 545.]
IMG_20200229_073517.jpg [183. 356. 771. 460.]
IMG_20200229_073518.jpg [165. 339. 750. 445.]
IMG_20200229_073520.jpg [103. 324. 680. 430.]
IMG_20200229_073520_1.jpg [ 77. 326. 652. 430.]
IMG_20200229_073527.jpg [380. 274. 959. 373.]
IMG_20200229_073527_1.jpg [311. 294. 887. 394.]
IMG_20200229_073528.jpg [233. 296. 805. 394.]
IMG_20200229_073529.jpg [157. 290. 728. 391.]
IMG_20200229_073530.jpg [108. 309. 686. 411.]
IMG_20200229_073533.jpg [247. 367. 773. 464.]
IMG_20200229_073534.jpg [266. 365. 792. 463.]
IMG_20200229_073535.jpg [304. 381. 827. 471.]
IMG_20200229_073536.jpg [344. 359. 871. 453.]
IMG_20200229_073537.jpg [375. 382. 905. 479.]
IMG_20200229_073539.jpg [197. 395. 726. 494.]
IMG_20200229_073540.jpg [139. 386. 672. 483.]
IMG_20200229_073540_1.jpg [ 65. 400. 602. 492.]
IMG_20200229_073544.jpg [427. 350. 972. 445.]
IMG_20200229_073545.jpg [358. 352. 885. 450.]
IMG_20200229_073546.jpg [196. 343. 723. 439.]
IMG_20200229_073547.jpg [ 98. 338. 638. 437.]
IMG_20200229_073548.jpg [ 25. 345. 576. 444.]
IMG_20200229_073601.jpg [489. 326. 982. 409.]
IMG_20200229_073602.jpg [409. 308. 889. 392.]
IMG_20200229_073603.jpg [280. 294. 754. 379.]
IMG_20200229_073603_1.jpg [178. 332. 660. 419.]
IMG_20200229_073605.jpg [ 35. 325. 545. 413.]
IMG_20200229_073607.jpg [452. 325. 931. 407.]
IMG_20200229_073608.jpg [413. 320. 885. 403.]
IMG_20200229_073609.jpg [371. 315. 849. 398.]
IMG_20200229_073610.jpg [301. 301. 776. 385.]
IMG_20200229_073611.jpg [284. 340. 756. 425.]
IMG_20200229_073612.jpg [267. 279. 739. 362.]
IMG_20200229_073613.jpg [198. 320. 668. 405.]
IMG_20200229_073614.jpg [159. 346. 631. 428.]
