IMG_20200229_080736.jpg [324. 318. 981. 430.]
IMG_20200229_080737.jpg [253. 328. 902. 438.]
IMG_20200229_080738.jpg [144. 353. 795. 464.]
IMG_20200229_080739.jpg [ 26. 329. 691. 445.]
IMG_20200229_080743.jpg [347. 350. 977. 458.]
IMG_20200229_080744.jpg [254. 331. 877. 439.]
IMG_20200229_080746.jpg [ 26. 318. 673. 430.]
IMG_20200229_080749.jpg [433. 290. 997. 385.]
IMG_20200229_080750.jpg [334. 315. 881. 409.]
IMG_20200229_080751.jpg [218. 325. 756. 418.]
IMG_20200229_080752.jpg [ 96. 342. 652. 441.]
IMG_20200229_080753.jpg [ 21. 343. 589. 443.]
IMG_20200229_080756.jpg [ 451.  314. 1001.  408.]
IMG_20200229_080757.jpg [384. 336. 929. 429.]
IMG_20200229_080758.jpg [302. 343. 842. 435.]
IMG_20200229_080800.jpg [155. 318. 709. 417.]
IMG_20200229_080801.jpg [ 37. 323. 606. 422.]
IMG_20200229_080805.jpg [461. 331. 955. 415.]
IMG_20200229_080806.jpg [338. 350. 816. 431.]
IMG_20200229_080807.jpg [236. 381. 718. 464.]
IMG_20200229_080808.jpg [140. 376. 631. 460.]
IMG_20200229_080809.jpg [ 50. 368. 551. 452.]
IMG_20200229_080812.jpg [473. 354. 963. 437.]
IMG_20200229_080814.jpg [392. 374. 869. 459.]
IMG_20200229_080815.jpg [282. 369. 758. 450.]
IMG_20200229_080816.jpg [163. 361. 646. 444.]
IMG_20200229_080818.jpg [ 35. 345. 537. 432.]
IMG_20200229_080822.jpg [521. 342. 966. 415.]
IMG_20200229_080823.jpg [411. 348. 841. 420.]
IMG_20200229_080824.jpg [335. 349. 759. 421.]
IMG_20200229_080825.jpg [198. 351. 628. 427.]
IMG_20200229_080827.jpg [ 87. 366. 534. 441.]
IMG_20200229_080828.jpg [ 25. 366. 484. 444.]
IMG_20200229_080830.jpg [541. 388. 975. 463.]
IMG_20200229_080833.jpg [374. 365. 795. 441.]
IMG_20200229_080834.jpg [245. 358. 670. 435.]
IMG_20200229_080836.jpg [132. 353. 576. 432.]
IMG_20200229_080837.jpg [114. 334. 558. 414.]
IMG_20200229_080839.jpg [ 44. 359. 495. 437.]
IMG_20200229_080843.jpg [573. 308. 977. 373.]
IMG_20200229_080844.jpg [485. 348. 875. 412.]
IMG_20200229_080845.jpg [386. 340. 761. 405.]
IMG_20200229_080846.jpg [312. 353. 688. 419.]
IMG_20200229_080847.jpg [220. 367. 605. 433.]
IMG_20200229_080848.jpg [130. 367. 525. 433.]
IMG_20200229_080849.jpg [ 52. 360. 461. 431.]
IMG_20200229_080852.jpg [ 627.  386. 1033.  453.]
IMG_20200229_080854.jpg [508. 359. 892. 427.]
IMG_20200229_080855.jpg [399. 349. 775. 416.]
IMG_20200229_080857.jpg [297. 390. 671. 458.]
IMG_20200229_080858.jpg [170. 361. 557. 430.]
IMG_20200229_080900.jpg [124. 361. 516. 430.]
IMG_20200229_080901.jpg [  6. 335. 418. 405.]
IMG_20200229_080906.jpg [582. 356. 954. 420.]
IMG_20200229_080907.jpg [501. 351. 854. 412.]
IMG_20200229_080908.jpg [427. 370. 772. 431.]
IMG_20200229_080909.jpg [322. 366. 667. 426.]
IMG_20200229_080910.jpg [209. 382. 560. 443.]
IMG_20200229_080911.jpg [133. 370. 497. 431.]
IMG_20200229_080912.jpg [ 49. 363. 428. 428.]
IMG_20200229_080915.jpg [632. 388. 989. 453.]
IMG_20200229_080916.jpg [515. 367. 854. 431.]
IMG_20200229_080917.jpg [413. 343. 750. 405.]
IMG_20200229_080919.jpg [349. 347. 683. 412.]
IMG_20200229_080921.jpg [301. 319. 640. 385.]
IMG_20200229_080922.jpg [228. 301. 572. 366.]
IMG_20200229_080923.jpg [137. 319. 490. 384.]
IMG_20200229_080924.jpg [ 51. 313. 422. 382.]
IMG_20200229_080926.jpg [  0. 330. 380. 390.]
IMG_20200229_080929.jpg [635. 314. 976. 373.]
IMG_20200229_080930.jpg [537. 327. 861. 384.]
IMG_20200229_080931.jpg [452. 358. 766. 416.]
IMG_20200229_080932.jpg [377. 359. 685. 418.]
IMG_20200229_080933.jpg [294. 366. 609. 426.]
IMG_20200229_080934.jpg [198. 364. 517. 422.]
IMG_20200229_080935.jpg [112. 371. 444. 435.]
IMG_20200229_080936.jpg [  1. 348. 338. 406.]
IMG_20200229_080945.jpg [591. 360. 903. 417.]
IMG_20200229_080946.jpg [532. 349. 842. 404.]
IMG_20200229_080947.jpg [506. 355. 810. 408.]
IMG_20200229_080948.jpg [468. 339. 770. 393.]
IMG_20200229_080949.jpg [400. 327. 704. 382.]
IMG_20200229_080950.jpg [319. 329. 625. 384.]
IMG_20200229_080951.jpg [298. 334. 605. 390.]
IMG_20200229_080952.jpg [325. 307. 627. 364.]
IMG_20200229_080955.jpg [325. 322. 627. 377.]
IMG_20200229_080956.jpg [271. 308. 578. 362.]
IMG_20200229_080957.jpg [248. 342. 553. 398.]
IMG_20200229_080959.jpg [208. 279. 519. 333.]
IMG_20200229_081021.jpg [ 693.  355. 1015.  408.]
IMG_20200229_081022.jpg [572. 363. 870. 415.]
IMG_20200229_081023.jpg [477. 364. 769. 414.]
IMG_20200229_081024.jpg [373. 353. 658. 408.]
IMG_20200229_081025.jpg [274. 380. 567. 435.]
IMG_20200229_081026.jpg [113. 405. 426. 460.]
IMG_20200229_081027.jpg [  9. 408. 336. 464.]
IMG_20200229_081031.jpg [587. 414. 863. 466.]
IMG_20200229_081032.jpg [586. 458. 870. 507.]
IMG_20200229_081033.jpg [558. 405. 841. 459.]
IMG_20200229_081034.jpg [481. 383. 759. 439.]
IMG_20200229_081036.jpg [440. 397. 715. 457.]
IMG_20200229_081038.jpg [404. 351. 682. 405.]
IMG_20200229_081040.jpg [357. 325. 634. 379.]
IMG_20200229_081041.jpg [271. 268. 558. 325.]
IMG_20200229_081043.jpg [272. 333. 558. 388.]
IMG_20200229_081044.jpg [198. 332. 490. 391.]
IMG_20200229_081045.jpg [152. 352. 456. 405.]
IMG_20200229_081051.jpg [642. 346. 924. 400.]
IMG_20200229_081052.jpg [561. 348. 832. 401.]
IMG_20200229_081053.jpg [470. 336. 733. 388.]
IMG_20200229_081054.jpg [393. 344. 654. 395.]
IMG_20200229_081056.jpg [293. 338. 557. 391.]
IMG_20200229_081057.jpg [190. 379. 466. 434.]
IMG_20200229_081058.jpg [101. 391. 388. 444.]
IMG_20200229_081059.jpg [ 32. 409. 329. 465.]
IMG_20200229_081103.jpg [661. 365. 924. 418.]
IMG_20200229_081104.jpg [643. 368. 905. 418.]
IMG_20200229_081105.jpg [595. 353. 854. 404.]
IMG_20200229_081106.jpg [537. 345. 794. 392.]
IMG_20200229_081107.jpg [509. 330. 766. 380.]
IMG_20200229_081108.jpg [481. 335. 737. 382.]
IMG_20200229_081109.jpg [424. 309. 676. 358.]
IMG_20200229_081110.jpg [391. 300. 647. 346.]
IMG_20200229_081111.jpg [362. 310. 617. 359.]
IMG_20200229_081113.jpg [303. 350. 561. 398.]
IMG_20200229_081114.jpg [284. 328. 547. 379.]
IMG_20200229_081115.jpg [269. 338. 534. 390.]
IMG_20200229_081116.jpg [231. 313. 498. 368.]
IMG_20200229_081119.jpg [208. 338. 475. 391.]
IMG_20200229_081120.jpg [145. 317. 424. 368.]
IMG_20200229_081122.jpg [ 20. 318. 317. 367.]
IMG_20200229_081211.jpg [712. 335. 978. 380.]
IMG_20200229_081211_1.jpg [599. 358. 851. 402.]
IMG_20200229_081212.jpg [521. 368. 761. 412.]
IMG_20200229_081213.jpg [431. 394. 668. 437.]
IMG_20200229_081214.jpg [335. 409. 574. 451.]
IMG_20200229_081215.jpg [248. 409. 496. 453.]
IMG_20200229_081216.jpg [167. 397. 421. 443.]
IMG_20200229_081217.jpg [ 84. 391. 351. 442.]
IMG_20200229_081218.jpg [  1. 357. 276. 407.]
IMG_20200229_081221.jpg [657. 451. 896. 494.]
IMG_20200229_081222.jpg [595. 450. 828. 499.]
IMG_20200229_081223.jpg [550. 431. 775. 479.]
IMG_20200229_081224.jpg [488. 405. 712. 447.]
IMG_20200229_081225.jpg [449. 422. 675. 467.]
IMG_20200229_081226.jpg [424. 449. 648. 497.]
IMG_20200229_081227.jpg [445. 369. 668. 420.]
IMG_20200229_081228.jpg [434. 354. 663. 397.]
IMG_20200229_081229.jpg [405. 358. 634. 406.]
IMG_20200229_081231.jpg [373. 328. 602. 372.]
IMG_20200229_081233.jpg [340. 355. 573. 401.]
IMG_20200229_081234.jpg [300. 310. 536. 353.]
IMG_20200229_081235.jpg [266. 303. 501. 351.]
IMG_20200229_081236.jpg [252. 343. 487. 386.]
IMG_20200229_081237.jpg [239. 343. 478. 387.]
