0001.jpg [  43.  211. 1239.  425.]
0002.jpg [  71.  217. 1253.  427.]
0003.jpg [  80.  213. 1238.  419.]
0004.jpg [  93.  212. 1236.  419.]
0005.jpg [  90.  215. 1216.  417.]
0006.jpg [  98.  216. 1208.  416.]
0007.jpg [  94.  232. 1198.  432.]
0008.jpg [  98.  218. 1188.  417.]
0009.jpg [  99.  216. 1165.  412.]
0010.jpg [ 106.  221. 1158.  415.]
0011.jpg [ 134.  223. 1150.  405.]
0012.jpg [ 148.  228. 1149.  411.]
0013.jpg [ 155.  230. 1133.  407.]
0014.jpg [ 165.  226. 1129.  402.]
0015.jpg [ 178.  232. 1122.  401.]
0016.jpg [ 164.  217. 1092.  387.]
0017.jpg [ 168.  227. 1082.  391.]
0018.jpg [ 170.  231. 1062.  390.]
0019.jpg [ 151.  227. 1034.  386.]
0020.jpg [ 98. 227. 988. 388.]
0021.jpg [ 124.  230. 1008.  393.]
0022.jpg [ 181.  213. 1063.  369.]
0023.jpg [ 164.  202. 1052.  360.]
0024.jpg [ 154.  215. 1024.  370.]
0025.jpg [ 154.  246. 1012.  397.]
0026.jpg [ 174.  267. 1016.  424.]
0027.jpg [170. 252. 997. 408.]
0028.jpg [ 192.  253. 1004.  406.]
0029.jpg [190. 254. 987. 403.]
0030.jpg [202. 237. 987. 382.]
0031.jpg [205. 227. 978. 373.]
0032.jpg [224. 216. 985. 365.]
0033.jpg [227. 203. 966. 346.]
0034.jpg [245. 204. 973. 341.]
0035.jpg [240. 237. 962. 368.]
0036.jpg [227. 251. 944. 380.]
0037.jpg [245. 249. 954. 379.]
0038.jpg [266. 241. 966. 370.]
0039.jpg [258. 233. 958. 362.]
0040.jpg [260. 236. 953. 360.]
0041.jpg [267. 245. 953. 367.]
0042.jpg [278. 249. 950. 375.]
0043.jpg [296. 248. 961. 371.]
0044.jpg [274. 234. 945. 358.]
0045.jpg [280. 237. 944. 357.]
0046.jpg [289. 241. 950. 358.]
0047.jpg [294. 235. 947. 357.]
0048.jpg [285. 230. 934. 350.]
0049.jpg [292. 218. 933. 337.]
0050.jpg [301. 211. 934. 331.]
0051.jpg [281. 213. 907. 331.]
0052.jpg [261. 210. 888. 330.]
0053.jpg [243. 223. 868. 339.]
0054.jpg [236. 236. 856. 355.]
0055.jpg [247. 269. 858. 383.]
0056.jpg [279. 272. 886. 382.]
0057.jpg [317. 271. 910. 379.]
0058.jpg [325. 268. 915. 380.]
0059.jpg [325. 262. 913. 370.]
0060.jpg [316. 277. 905. 389.]
0061.jpg [310. 310. 900. 420.]
0062.jpg [267. 273. 855. 387.]
0063.jpg [282. 280. 874. 388.]
0064.jpg [307. 292. 895. 398.]
0065.jpg [306. 283. 893. 389.]
0066.jpg [308. 271. 895. 380.]
0067.jpg [310. 284. 898. 395.]
0068.jpg [313. 299. 897. 409.]
0069.jpg [311. 315. 894. 424.]
0070.jpg [324. 292. 904. 402.]
0071.jpg [321. 312. 897. 418.]
0072.jpg [307. 313. 886. 417.]
0073.jpg [308. 292. 881. 399.]
0074.jpg [317. 286. 889. 394.]
0075.jpg [320. 292. 889. 398.]
0076.jpg [306. 241. 871. 348.]
