IMG_20200229_070945.jpg [241. 283. 788. 377.]
IMG_20200229_070949.jpg [248. 293. 764. 384.]
IMG_20200229_070953.jpg [267. 286. 742. 368.]
IMG_20200229_070956.jpg [263. 280. 722. 361.]
IMG_20200229_071001.jpg [293. 328. 705. 397.]
IMG_20200229_071003.jpg [319. 317. 721. 387.]
IMG_20200229_071006.jpg [317. 314. 701. 383.]
IMG_20200229_071013.jpg [328. 363. 684. 423.]
IMG_20200229_071017.jpg [342. 342. 678. 403.]
IMG_20200229_071020.jpg [347. 353. 670. 412.]
IMG_20200229_071026.jpg [346. 351. 639. 402.]
IMG_20200229_071030.jpg [351. 384. 629. 432.]
IMG_20200229_071102.jpg [366. 346. 624. 389.]
IMG_20200229_071108.jpg [397. 346. 638. 389.]
IMG_20200229_071142.jpg [105. 286. 804. 408.]
IMG_20200229_071144.jpg [158. 259. 793. 372.]
IMG_20200229_071148.jpg [187. 289. 782. 394.]
IMG_20200229_071151.jpg [274. 363. 774. 451.]
IMG_20200229_071155.jpg [294. 347. 709. 419.]
IMG_20200229_071159.jpg [263. 308. 653. 379.]
IMG_20200229_071205.jpg [316. 359. 620. 414.]
IMG_20200229_071223.jpg [297. 443. 551. 486.]
IMG_20200229_071227.jpg [229. 450. 490. 493.]
IMG_20200229_071231.jpg [501. 429. 754. 474.]
IMG_20200229_071234.jpg [499. 462. 774. 512.]
IMG_20200229_071241.jpg [456. 361. 785. 420.]
IMG_20200229_071246.jpg [446. 417. 805. 479.]
IMG_20200229_071304.jpg [447. 380. 832. 450.]
IMG_20200229_071307.jpg [395. 422. 839. 498.]
IMG_20200229_071310.jpg [440. 435. 918. 517.]
