IMG_20200229_072929.jpg [243. 344. 780. 440.]
IMG_20200229_072930.jpg [161. 337. 700. 435.]
IMG_20200229_072931.jpg [ 57. 334. 611. 430.]
IMG_20200229_072932.jpg [306. 346. 847. 445.]
IMG_20200229_072935.jpg [332. 328. 876. 426.]
IMG_20200229_072939.jpg [289. 333. 760. 420.]
IMG_20200229_072940.jpg [238. 316. 712. 403.]
IMG_20200229_072942.jpg [152. 310. 635. 402.]
IMG_20200229_072942_1.jpg [ 83. 290. 578. 385.]
IMG_20200229_072944.jpg [325. 275. 803. 363.]
IMG_20200229_072945.jpg [419. 286. 905. 373.]
IMG_20200229_072952.jpg [ 86. 275. 526. 357.]
IMG_20200229_072952_1.jpg [199. 275. 623. 352.]
IMG_20200229_072953.jpg [269. 284. 682. 363.]
IMG_20200229_072955.jpg [390. 302. 806. 378.]
IMG_20200229_072956.jpg [482. 310. 907. 384.]
IMG_20200229_072956_1.jpg [521. 312. 952. 390.]
IMG_20200229_073000.jpg [296. 286. 710. 362.]
IMG_20200229_073002.jpg [353. 283. 761. 359.]
IMG_20200229_073006.jpg [364. 272. 769. 347.]
IMG_20200229_073008.jpg [438. 264. 842. 337.]
IMG_20200229_073012.jpg [ 70. 246. 476. 319.]
IMG_20200229_073013.jpg [167. 272. 558. 345.]
IMG_20200229_073014.jpg [259. 265. 639. 336.]
IMG_20200229_073015.jpg [316. 293. 687. 362.]
IMG_20200229_073016.jpg [370. 311. 739. 378.]
IMG_20200229_073018.jpg [469. 319. 845. 386.]
IMG_20200229_073020.jpg [349. 324. 713. 393.]
IMG_20200229_073021.jpg [336. 319. 707. 389.]
IMG_20200229_073022.jpg [403. 311. 773. 381.]
IMG_20200229_073023.jpg [387. 306. 758. 378.]
IMG_20200229_073024.jpg [448. 298. 818. 370.]
IMG_20200229_073026.jpg [488. 313. 857. 380.]
IMG_20200229_073034.jpg [151. 294. 517. 362.]
IMG_20200229_073035.jpg [216. 285. 573. 351.]
IMG_20200229_073036.jpg [280. 275. 634. 342.]
IMG_20200229_073037.jpg [335. 278. 683. 343.]
IMG_20200229_073038.jpg [387. 276. 736. 343.]
IMG_20200229_073040.jpg [480. 272. 835. 337.]
IMG_20200229_073042.jpg [450. 298. 793. 359.]
IMG_20200229_073043.jpg [465. 300. 805. 364.]
IMG_20200229_073047.jpg [518. 310. 862. 372.]
IMG_20200229_073050.jpg [204. 298. 558. 364.]
IMG_20200229_073056.jpg [ 88. 272. 433. 334.]
IMG_20200229_073057.jpg [179. 257. 510. 318.]
IMG_20200229_073059.jpg [283. 267. 597. 327.]
IMG_20200229_073100.jpg [343. 272. 658. 333.]
IMG_20200229_073101.jpg [384. 275. 701. 334.]
IMG_20200229_073101_1.jpg [436. 272. 754. 331.]
IMG_20200229_073102.jpg [477. 284. 794. 344.]
IMG_20200229_073103.jpg [524. 284. 849. 344.]
IMG_20200229_073103_1.jpg [579. 284. 917. 343.]
IMG_20200229_073106.jpg [548. 308. 862. 366.]
IMG_20200229_073112.jpg [516. 323. 829. 380.]
IMG_20200229_073133.jpg [202. 256. 499. 313.]
IMG_20200229_073134.jpg [252. 259. 543. 315.]
IMG_20200229_073135.jpg [344. 250. 628. 303.]
IMG_20200229_073136.jpg [386. 273. 671. 327.]
IMG_20200229_073136_1.jpg [450. 274. 741. 327.]
IMG_20200229_073138.jpg [565. 281. 863. 334.]
IMG_20200229_073141.jpg [537. 311. 834. 364.]
IMG_20200229_073145.jpg [540. 331. 830. 382.]
IMG_20200229_073146.jpg [573. 319. 862. 372.]
IMG_20200229_073148.jpg [503. 332. 794. 383.]
IMG_20200229_073149.jpg [494. 340. 780. 391.]
