IMG_20200229_072213.jpg [225. 268. 846. 384.]
IMG_20200229_072214.jpg [344. 243. 989. 359.]
IMG_20200229_072216.jpg [ 26. 258. 683. 380.]
IMG_20200229_072218.jpg [216. 207. 827. 325.]
IMG_20200229_072219.jpg [319. 205. 938. 320.]
IMG_20200229_072221.jpg [101. 217. 721. 334.]
IMG_20200229_072222.jpg [  5. 214. 640. 336.]
IMG_20200229_072225.jpg [388. 263. 984. 372.]
IMG_20200229_072227.jpg [ 77. 235. 665. 344.]
IMG_20200229_072233.jpg [250. 303. 788. 403.]
IMG_20200229_072234.jpg [125. 297. 674. 403.]
IMG_20200229_072235.jpg [ 64. 293. 622. 399.]
IMG_20200229_072237.jpg [261. 270. 801. 372.]
IMG_20200229_072238.jpg [359. 261. 924. 363.]
IMG_20200229_072240.jpg [356. 259. 905. 361.]
IMG_20200229_072243.jpg [340. 250. 843. 346.]
IMG_20200229_072244.jpg [197. 265. 698. 363.]
IMG_20200229_072245.jpg [150. 265. 653. 362.]
IMG_20200229_072249.jpg [389. 299. 883. 387.]
IMG_20200229_072250.jpg [462. 291. 971. 380.]
IMG_20200229_072315.jpg [322. 357. 735. 431.]
IMG_20200229_072316.jpg [199. 339. 622. 415.]
IMG_20200229_072318.jpg [111. 336. 551. 417.]
IMG_20200229_072320.jpg [421. 329. 842. 408.]
IMG_20200229_072321.jpg [491. 339. 926. 413.]
IMG_20200229_072324.jpg [472. 303. 884. 379.]
IMG_20200229_072326.jpg [173. 348. 591. 422.]
IMG_20200229_072330.jpg [335. 368. 720. 435.]
IMG_20200229_072331.jpg [254. 343. 642. 415.]
IMG_20200229_072332.jpg [199. 333. 593. 405.]
IMG_20200229_072332_1.jpg [130. 328. 537. 401.]
IMG_20200229_072334.jpg [349. 332. 736. 400.]
IMG_20200229_072335.jpg [424. 337. 818. 404.]
IMG_20200229_072336.jpg [478. 336. 875. 405.]
IMG_20200229_072338.jpg [416. 348. 797. 418.]
IMG_20200229_072340.jpg [504. 347. 887. 418.]
IMG_20200229_072342.jpg [305. 357. 683. 426.]
IMG_20200229_072343.jpg [250. 341. 630. 414.]
IMG_20200229_072347.jpg [358. 359. 719. 426.]
IMG_20200229_072348.jpg [383. 326. 739. 393.]
IMG_20200229_072349.jpg [418. 328. 773. 393.]
IMG_20200229_072350.jpg [471. 322. 825. 384.]
IMG_20200229_072353.jpg [332. 330. 688. 394.]
IMG_20200229_072354.jpg [315. 355. 671. 418.]
IMG_20200229_072357.jpg [299. 358. 654. 421.]
IMG_20200229_072400.jpg [381. 357. 732. 419.]
IMG_20200229_072401.jpg [297. 353. 653. 416.]
IMG_20200229_072402.jpg [200. 340. 563. 406.]
IMG_20200229_072403.jpg [438. 354. 798. 419.]
IMG_20200229_072404.jpg [500. 357. 867. 420.]
IMG_20200229_072406.jpg [536. 350. 908. 413.]
IMG_20200229_072409.jpg [351. 350. 678. 410.]
IMG_20200229_072410.jpg [306. 334. 633. 397.]
IMG_20200229_072411.jpg [167. 345. 511. 408.]
IMG_20200229_072413.jpg [116. 338. 464. 402.]
IMG_20200229_072414.jpg [406. 362. 729. 423.]
IMG_20200229_072415.jpg [529. 326. 865. 387.]
IMG_20200229_072416.jpg [493. 311. 824. 369.]
IMG_20200229_072418.jpg [429. 336. 751. 394.]
IMG_20200229_072419.jpg [455. 321. 779. 383.]
IMG_20200229_072420.jpg [524. 318. 851. 375.]
IMG_20200229_072423.jpg [332. 324. 652. 382.]
IMG_20200229_072439.jpg [439. 328. 707. 380.]
IMG_20200229_072442.jpg [521. 345. 791. 392.]
IMG_20200229_072443.jpg [562. 304. 842. 353.]
IMG_20200229_072452.jpg [408. 367. 660. 411.]
IMG_20200229_072458.jpg [420. 432. 657. 475.]
IMG_20200229_072500.jpg [385. 376. 621. 418.]
IMG_20200229_072502.jpg [501. 371. 744. 416.]
IMG_20200229_072502_1.jpg [557. 368. 808. 415.]
IMG_20200229_072504.jpg [610. 373. 863. 417.]
IMG_20200229_072508.jpg [240. 354. 476. 397.]
IMG_20200229_072510.jpg [349. 345. 572. 389.]
IMG_20200229_072511.jpg [454. 351. 675. 394.]
IMG_20200229_072513.jpg [555. 333. 786. 374.]
IMG_20200229_072514.jpg [650. 331. 889. 374.]
IMG_20200229_072522.jpg 
IMG_20200229_072523.jpg [192. 318. 424. 362.]
IMG_20200229_072524.jpg [265. 323. 484. 363.]
IMG_20200229_072525.jpg [332. 323. 548. 363.]
IMG_20200229_072526.jpg [414. 313. 626. 354.]
IMG_20200229_072527.jpg [483. 313. 698. 353.]
IMG_20200229_072528.jpg [541. 321. 760. 360.]
IMG_20200229_072533.jpg [130. 326. 356. 367.]
IMG_20200229_072534.jpg [194. 331. 413. 373.]
IMG_20200229_072535.jpg [258. 319. 472. 359.]
IMG_20200229_072536.jpg [311. 312. 516. 350.]
IMG_20200229_072536_1.jpg [354. 316. 557. 355.]
IMG_20200229_072537.jpg [422. 311. 628. 351.]
IMG_20200229_072538.jpg [467. 306. 671. 346.]
IMG_20200229_072539.jpg [513. 290. 718. 332.]
IMG_20200229_072539_1.jpg [557. 306. 763. 345.]
IMG_20200229_072540.jpg [584. 301. 800. 341.]
IMG_20200229_072541.jpg [615. 300. 831. 340.]
IMG_20200229_072542.jpg [640. 297. 857. 337.]
IMG_20200229_072548.jpg [115. 311. 334. 354.]
IMG_20200229_072549.jpg [164. 307. 379. 348.]
IMG_20200229_072550.jpg [248. 281. 457. 320.]
IMG_20200229_072550_1.jpg [388. 272. 582. 309.]
IMG_20200229_072551.jpg [447. 295. 642. 333.]
IMG_20200229_072554.jpg [506. 307. 705. 345.]
IMG_20200229_072554_1.jpg [584. 306. 786. 343.]
IMG_20200229_072600.jpg [309. 307. 503. 342.]
IMG_20200229_072601.jpg [389. 309. 573. 344.]
IMG_20200229_072601_1.jpg [454. 301. 641. 335.]
IMG_20200229_072602.jpg [464. 294. 650. 328.]
IMG_20200229_072604.jpg [590. 299. 784. 335.]
IMG_20200229_072608.jpg [ 89. 299. 302. 341.]
