IMG_20200229_080129.jpg [ 394.  326. 1013.  430.]
IMG_20200229_080130.jpg [296. 367. 897. 471.]
IMG_20200229_080131.jpg [207. 371. 809. 475.]
IMG_20200229_080132.jpg [ 96. 360. 707. 466.]
IMG_20200229_080133.jpg [379. 368. 983. 475.]
IMG_20200229_080135.jpg [311. 372. 911. 477.]
IMG_20200229_080136.jpg [232. 357. 824. 461.]
IMG_20200229_080137.jpg [155. 349. 752. 455.]
IMG_20200229_080138.jpg [ 73. 353. 672. 453.]
IMG_20200229_080141.jpg [ 452.  324. 1022.  423.]
IMG_20200229_080142.jpg [326. 327. 872. 425.]
IMG_20200229_080143.jpg [226. 340. 768. 435.]
IMG_20200229_080144.jpg [131. 352. 683. 448.]
IMG_20200229_080145.jpg [ 72. 334. 632. 433.]
IMG_20200229_080147.jpg [ 455.  360. 1010.  458.]
IMG_20200229_080148.jpg [406. 368. 954. 463.]
IMG_20200229_080149.jpg [317. 360. 858. 459.]
IMG_20200229_080150.jpg [233. 342. 776. 440.]
IMG_20200229_080152.jpg [151. 349. 701. 447.]
IMG_20200229_080153.jpg [ 87. 328. 647. 427.]
IMG_20200229_080156.jpg [446. 335. 964. 422.]
IMG_20200229_080157.jpg [280. 334. 782. 423.]
IMG_20200229_080158.jpg [147. 345. 657. 437.]
IMG_20200229_080159.jpg [ 28. 343. 563. 437.]
IMG_20200229_080202.jpg [438. 370. 952. 463.]
IMG_20200229_080203.jpg [365. 354. 874. 446.]
IMG_20200229_080204.jpg [286. 320. 789. 413.]
IMG_20200229_080205.jpg [231. 295. 736. 385.]
IMG_20200229_080207.jpg [167. 305. 670. 397.]
IMG_20200229_080208.jpg [120. 323. 624. 414.]
IMG_20200229_080209.jpg [ 53. 316. 567. 407.]
IMG_20200229_080212.jpg [ 53. 314. 549. 402.]
IMG_20200229_080213.jpg [133. 341. 615. 427.]
IMG_20200229_080214.jpg [210. 305. 682. 391.]
IMG_20200229_080216.jpg [305. 374. 772. 455.]
IMG_20200229_080217.jpg [388. 370. 866. 453.]
IMG_20200229_080218.jpg [455. 379. 940. 464.]
IMG_20200229_080220.jpg [ 535.  370. 1015.  454.]
IMG_20200229_080221.jpg [471. 381. 947. 469.]
IMG_20200229_080222.jpg [409. 375. 875. 460.]
IMG_20200229_080223.jpg [338. 361. 806. 447.]
IMG_20200229_080225.jpg [288. 361. 754. 447.]
IMG_20200229_080226.jpg [248. 351. 718. 437.]
IMG_20200229_080227.jpg [191. 354. 661. 441.]
IMG_20200229_080230.jpg [122. 379. 607. 465.]
IMG_20200229_080231.jpg [ 48. 417. 545. 501.]
IMG_20200229_080235.jpg [510. 377. 957. 454.]
IMG_20200229_080236.jpg [426. 378. 858. 454.]
IMG_20200229_080237.jpg [341. 386. 766. 463.]
IMG_20200229_080238.jpg [279. 391. 703. 464.]
IMG_20200229_080239.jpg [202. 371. 630. 449.]
IMG_20200229_080240.jpg [154. 394. 591. 472.]
IMG_20200229_080242.jpg [ 75. 393. 527. 478.]
IMG_20200229_080244.jpg [ 560.  393. 1002.  473.]
IMG_20200229_080245.jpg [486. 382. 918. 458.]
IMG_20200229_080246.jpg [416. 378. 843. 456.]
IMG_20200229_080247.jpg [364. 362. 789. 442.]
IMG_20200229_080248.jpg [333. 357. 754. 435.]
IMG_20200229_080249.jpg [286. 338. 708. 418.]
IMG_20200229_080250.jpg [249. 338. 670. 416.]
IMG_20200229_080252.jpg [264. 314. 687. 397.]
IMG_20200229_080253.jpg [195. 372. 619. 446.]
IMG_20200229_080255.jpg [148. 368. 576. 443.]
IMG_20200229_080256.jpg [ 27. 411. 476. 491.]
IMG_20200229_080300.jpg [565. 396. 985. 466.]
IMG_20200229_080301.jpg [473. 398. 870. 467.]
IMG_20200229_080302.jpg [370. 386. 760. 456.]
IMG_20200229_080303.jpg [272. 375. 662. 447.]
IMG_20200229_080304.jpg [172. 407. 574. 476.]
IMG_20200229_080305.jpg [ 61. 371. 480. 450.]
IMG_20200229_080307.jpg [563. 397. 954. 468.]
IMG_20200229_080309.jpg [499. 378. 883. 449.]
IMG_20200229_080310.jpg [431. 358. 810. 425.]
IMG_20200229_080311.jpg [372. 365. 747. 435.]
IMG_20200229_080312.jpg [307. 363. 684. 428.]
IMG_20200229_080313.jpg [267. 374. 645. 437.]
IMG_20200229_080315.jpg [207. 353. 597. 421.]
IMG_20200229_080316.jpg [126. 352. 527. 419.]
IMG_20200229_080317.jpg [ 75. 356. 477. 426.]
IMG_20200229_080320.jpg [568. 366. 935. 432.]
IMG_20200229_080322.jpg [480. 361. 831. 424.]
IMG_20200229_080323.jpg [385. 364. 729. 427.]
IMG_20200229_080324.jpg [288. 376. 634. 436.]
IMG_20200229_080325.jpg [203. 384. 557. 447.]
IMG_20200229_080326.jpg [ 65. 372. 443. 437.]
IMG_20200229_080327.jpg [ 36. 365. 420. 430.]
IMG_20200229_080331.jpg [569. 364. 919. 424.]
IMG_20200229_080332.jpg [533. 391. 880. 451.]
IMG_20200229_080333.jpg [503. 377. 846. 438.]
IMG_20200229_080334.jpg [475. 359. 816. 417.]
IMG_20200229_080335.jpg [448. 351. 792. 410.]
IMG_20200229_080337.jpg [396. 336. 740. 398.]
IMG_20200229_080338.jpg [374. 338. 716. 400.]
IMG_20200229_080339.jpg [343. 366. 685. 425.]
IMG_20200229_080343.jpg [328. 420. 673. 479.]
IMG_20200229_080345.jpg [285. 356. 628. 416.]
IMG_20200229_080351.jpg [246. 337. 593. 400.]
IMG_20200229_080353.jpg [234. 319. 581. 380.]
IMG_20200229_080354.jpg [192. 336. 539. 399.]
IMG_20200229_080356.jpg [148. 317. 502. 381.]
IMG_20200229_080400.jpg [ 62. 348. 425. 411.]
IMG_20200229_080407.jpg [560. 288. 891. 346.]
IMG_20200229_080408.jpg [491. 314. 814. 369.]
IMG_20200229_080408_1.jpg [411. 325. 722. 382.]
IMG_20200229_080409.jpg [329. 332. 642. 389.]
IMG_20200229_080410.jpg [247. 344. 566. 401.]
IMG_20200229_080411.jpg [142. 360. 476. 421.]
IMG_20200229_080412.jpg [ 46. 381. 396. 440.]
IMG_20200229_080415.jpg [617. 417. 941. 474.]
IMG_20200229_080416.jpg [593. 385. 919. 443.]
IMG_20200229_080418.jpg [540. 372. 858. 428.]
IMG_20200229_080419.jpg [523. 372. 839. 428.]
IMG_20200229_080420.jpg [488. 356. 805. 412.]
IMG_20200229_080421.jpg [425. 341. 737. 398.]
IMG_20200229_080422.jpg [401. 339. 714. 395.]
IMG_20200229_080423.jpg [354. 331. 669. 388.]
IMG_20200229_080424.jpg [316. 344. 633. 400.]
IMG_20200229_080425.jpg [322. 317. 638. 375.]
IMG_20200229_080427.jpg [252. 349. 572. 404.]
IMG_20200229_080428.jpg [183. 329. 510. 387.]
IMG_20200229_080429.jpg [117. 340. 452. 399.]
IMG_20200229_080431.jpg [ 73. 328. 414. 390.]
IMG_20200229_080436.jpg [619. 325. 922. 378.]
IMG_20200229_080437.jpg [529. 341. 821. 393.]
IMG_20200229_080438.jpg [479. 359. 768. 409.]
IMG_20200229_080439.jpg [416. 354. 700. 408.]
IMG_20200229_080440.jpg [340. 361. 628. 410.]
IMG_20200229_080441.jpg [262. 366. 551. 419.]
IMG_20200229_080442.jpg [187. 356. 484. 410.]
IMG_20200229_080443.jpg [ 80. 364. 390. 420.]
IMG_20200229_080447.jpg [678. 391. 970. 442.]
IMG_20200229_080448.jpg [625. 373. 911. 422.]
IMG_20200229_080449.jpg [586. 373. 867. 422.]
IMG_20200229_080450.jpg [560. 381. 839. 433.]
IMG_20200229_080451.jpg [516. 387. 791. 437.]
IMG_20200229_080452.jpg [476. 367. 750. 419.]
IMG_20200229_080501.jpg [465. 368. 742. 416.]
IMG_20200229_080502.jpg [429. 372. 706. 421.]
IMG_20200229_080504.jpg [384. 370. 660. 419.]
IMG_20200229_080505.jpg [350. 345. 627. 395.]
IMG_20200229_080506.jpg [300. 353. 582. 402.]
IMG_20200229_080507.jpg [274. 327. 558. 378.]
IMG_20200229_080508.jpg [240. 307. 528. 362.]
IMG_20200229_080510.jpg [219. 349. 509. 398.]
IMG_20200229_080511.jpg [234. 365. 519. 418.]
IMG_20200229_080512.jpg [204. 359. 497. 411.]
IMG_20200229_080514.jpg [165. 362. 461. 412.]
IMG_20200229_080515.jpg [112. 347. 410. 399.]
IMG_20200229_080517.jpg [ 55. 349. 367. 402.]
IMG_20200229_080521.jpg [633. 354. 907. 399.]
IMG_20200229_080522.jpg [534. 371. 794. 413.]
IMG_20200229_080523.jpg [435. 380. 685. 423.]
IMG_20200229_080524.jpg [337. 398. 590. 445.]
IMG_20200229_080525.jpg [238. 383. 497. 432.]
IMG_20200229_080527.jpg [164. 393. 433. 442.]
IMG_20200229_080528.jpg [ 66. 390. 349. 438.]
IMG_20200229_080530.jpg [617. 415. 872. 461.]
IMG_20200229_080531.jpg [572. 410. 821. 454.]
IMG_20200229_080532.jpg [542. 401. 788. 446.]
IMG_20200229_080533.jpg [528. 393. 771. 435.]
IMG_20200229_080534.jpg [503. 380. 749. 425.]
IMG_20200229_080535.jpg [487. 385. 728. 431.]
IMG_20200229_080536.jpg [453. 373. 690. 415.]
IMG_20200229_080537.jpg [414. 350. 657. 393.]
IMG_20200229_080539.jpg [386. 355. 631. 399.]
IMG_20200229_080540.jpg [364. 380. 612. 425.]
IMG_20200229_080541.jpg [320. 377. 568. 422.]
IMG_20200229_080542.jpg [294. 357. 546. 400.]
IMG_20200229_080545.jpg [200. 420. 457. 465.]
IMG_20200229_080546.jpg [118. 380. 389. 426.]
IMG_20200229_080548.jpg [ 48. 392. 329. 441.]
IMG_20200229_080549.jpg [ 22. 380. 306. 428.]
