IMG_20200229_071805.jpg [263. 331. 909. 444.]
IMG_20200229_071808.jpg [ 52. 356. 680. 471.]
IMG_20200229_071811.jpg [ 322.  351. 1009.  475.]
IMG_20200229_071818.jpg [363. 367. 932. 467.]
IMG_20200229_071820.jpg [158. 380. 738. 490.]
IMG_20200229_071825.jpg [208. 323. 722. 417.]
IMG_20200229_071828.jpg [109. 352. 632. 445.]
IMG_20200229_071830.jpg [301. 358. 808. 452.]
IMG_20200229_071832.jpg [240. 323. 698. 407.] 
IMG_20200229_071833.jpg [151. 322. 618. 405.]
IMG_20200229_071834.jpg [402. 352. 855. 434.]

