IMG_20200229_073331.jpg [167. 356. 772. 462.]
IMG_20200229_073332.jpg [241. 357. 850. 463.]
IMG_20200229_073332_1.jpg [315. 343. 923. 448.]
IMG_20200229_073334.jpg [121. 352. 737. 460.]
IMG_20200229_073335.jpg [  1. 326. 589. 438.]
IMG_20200229_073337.jpg [155. 370. 709. 467.]
IMG_20200229_073338.jpg [251. 368. 805. 466.]
IMG_20200229_073339.jpg [365. 348. 926. 446.]
IMG_20200229_073340.jpg [ 451.  309. 1028.  409.]
IMG_20200229_073342.jpg [ 74. 352. 638. 451.]
IMG_20200229_073344.jpg [ 17. 348. 593. 450.]
IMG_20200229_073346.jpg [ 37. 408. 607. 511.]
IMG_20200229_073349.jpg [315. 404. 861. 503.]
IMG_20200229_073350.jpg [411. 408. 961. 505.]
IMG_20200229_073356.jpg [396. 357. 888. 442.]
IMG_20200229_073358.jpg [352. 357. 842. 442.]
IMG_20200229_073359.jpg [301. 374. 788. 460.]
IMG_20200229_073400.jpg [252. 403. 740. 488.]
IMG_20200229_073401.jpg [171. 401. 664. 490.]
IMG_20200229_073403.jpg [110. 399. 608. 489.]
IMG_20200229_073407.jpg [107. 401. 607. 489.]
IMG_20200229_073409.jpg [204. 424. 691. 512.]
IMG_20200229_073410.jpg [289. 426. 771. 513.]
IMG_20200229_073411.jpg [354. 431. 837. 519.]
IMG_20200229_073412.jpg [394. 445. 880. 532.]
IMG_20200229_073420.jpg [387. 421. 811. 498.]
IMG_20200229_073423.jpg [306. 404. 727. 477.]
IMG_20200229_073424.jpg [292. 414. 715. 489.]
IMG_20200229_073425.jpg 
IMG_20200229_073427.jpg [242. 413. 662. 493.]
IMG_20200229_073428.jpg [199. 335. 626. 414.]
IMG_20200229_073436.jpg [538. 431. 976. 508.]
IMG_20200229_073436_1.jpg [461. 402. 886. 479.]
IMG_20200229_073437.jpg [403. 380. 818. 455.]
IMG_20200229_073438.jpg [349. 358. 760. 434.]
IMG_20200229_073439.jpg [294. 369. 709. 445.]
IMG_20200229_073440.jpg [230. 365. 648. 442.]
IMG_20200229_073441.jpg [168. 356. 592. 434.]
IMG_20200229_073442.jpg [ 95. 334. 533. 412.]
IMG_20200229_073444.jpg [ 67. 333. 508. 413.]
IMG_20200229_073446.jpg [242. 341. 640. 413.]
IMG_20200229_073447.jpg [329. 333. 722. 403.]
IMG_20200229_073448.jpg [403. 328. 798. 399.]
IMG_20200229_073449.jpg [477. 347. 879. 419.]
